#      772256700   -filetype ZipermE.out 
#
# QTL Cartographer v. 1.17e, 27 August 2003
# This output file (qtlcart.z3e) was created by ZMapQTL...
#
# It is 01:30:01 on Tuesday, 11 December 2018
#
#
#The position is from the left telomere on the chromosome
-window      10.00      Window size for models 5 and 6
-background      5      Background parameters in model 6
-Model           3      Model number
-trait           9      Analyzed trait [ULA]
-cross         Ri1      Cross
#
#  Note that our Likelihood ratio test statistic compares two nested hypotheses
#  and is two times the negative natural log of the ratio of the likelihoods.  For example,
#  assume that  hypothesis H0 is nested within H1 and that they have likelihoods L0 and L1 respectively.
#  Then, the "Likelihood Ratio Test Statistic" is -2ln(L0/L1). 
#
#  Repetition    GlobalMax  -start  
    1        14.47858
    2         7.26845
    3         7.51867
    4         8.37334
    5         9.09912
    6        12.54246
    7         7.05526
    8         9.89955
    9         8.21860
   10         7.81970
   11         7.83655
   12         9.94014
   13        11.61800
   14         7.12466
   15        11.16303
   16        10.19553
   17         7.95052
   18         7.39399
   19         6.34915
   20         6.65532
   21         9.84407
   22         8.28130
   23        11.97837
   24        10.94435
   25         8.28864
   26        18.69000
   27         7.06240
   28         8.47460
   29        12.48861
   30        10.15464
   31         6.29009
   32         7.30620
   33         9.32895
   34         6.74500
   35         9.20843
   36         5.67102
   37         8.74029
   38         9.06904
   39         7.70220
   40         8.32142
   41         6.99193
   42        10.03945
   43        13.57610
   44        15.19204
   45        14.53953
   46        12.39448
   47        10.30981
   48        12.52428
   49        11.73139
   50        11.45136
   51         6.49013
   52         9.91651
   53        10.26380
   54         7.69869
   55        11.41716
   56         7.65444
   57        12.09974
   58         8.73367
   59         4.72909
   60        12.35381
   61        12.75256
   62        15.84137
   63         8.30350
   64         9.59787
   65         7.16391
   66        18.68099
   67        10.77286
   68         7.49779
   69         8.85191
   70         6.72378
   71        11.31029
   72        12.58268
   73         8.54100
   74        10.96109
   75        10.31180
   76        15.49443
   77         9.32783
   78         5.47434
   79        12.33740
   80        13.12688
   81        10.12789
   82        16.09705
   83         8.16466
   84        11.97088
   85         6.88504
   86         8.78470
   87         9.05842
   88        11.57217
   89        13.17801
   90         9.63924
   91        11.00771
   92         5.89014
   93         9.40605
   94        11.10800
   95         7.29353
   96         8.07578
   97         7.26329
   98        10.71391
   99        12.98137
  100         6.59173
  101         6.98202
  102        10.47713
  103         7.19732
  104        11.02192
  105         9.60604
  106         7.49179
  107         8.69526
  108        11.81635
  109         7.89989
  110         5.25696
  111         7.17797
  112         6.86365
  113         8.67225
  114         5.76691
  115         7.62143
  116        16.25544
  117         8.42923
  118        10.22361
  119         6.60055
  120        10.47599
  121        12.64205
  122        10.67814
  123         7.92803
  124         6.60333
  125         9.82088
  126         9.91592
  127         5.57087
  128        12.01952
  129        10.12234
  130         8.49685
  131        14.68255
  132        10.82621
  133        13.94416
  134         5.07061
  135        12.92982
  136         7.11357
  137         9.36246
  138         8.07731
  139         8.97307
  140        15.33600
  141         7.75442
  142         6.95792
  143         7.39414
  144        10.06190
  145         8.79523
  146         8.07189
  147         5.84564
  148         8.81167
  149         7.88156
  150         9.68922
  151        14.30057
  152        17.19362
  153        16.03119
  154         9.34484
  155         7.20407
  156        11.38355
  157         6.71515
  158         7.77627
  159         8.31671
  160         8.18598
  161         7.71646
  162        12.07679
  163         7.14145
  164         8.64323
  165         9.73612
  166        13.01050
  167        11.35000
  168        11.55782
  169        11.73641
  170         9.83937
  171        10.85794
  172         9.64041
  173         6.95317
  174        13.18596
  175         9.88095
  176         9.55083
  177        14.21885
  178        11.63373
  179        13.51049
  180        12.88974
  181        13.58596
  182         5.15359
  183         6.83345
  184        11.33123
  185         7.03920
  186        12.07593
  187        13.87728
  188        13.02065
  189        11.00912
  190        10.98745
  191         8.72386
  192         8.54606
  193         6.29410
  194         9.00764
  195        10.28311
  196         9.72146
  197         9.88810
  198         9.00796
  199         9.24852
  200         7.13119
  201        10.50719
  202         7.10457
  203         9.50690
  204         9.24396
  205         8.79709
  206        14.24920
  207        10.20604
  208         6.85611
  209         9.18841
  210         7.49337
  211         8.75367
  212         8.02325
  213         6.41544
  214         8.97587
  215        11.44333
  216         8.39988
  217         8.93967
  218         8.72423
  219        13.52815
  220         7.17174
  221        11.47619
  222         8.31510
  223        10.61808
  224         7.09723
  225         6.33404
  226        10.73114
  227         8.12529
  228         9.94627
  229         9.08155
  230        11.03526
  231        10.38740
  232         9.24808
  233         8.15198
  234        12.29507
  235         5.93858
  236        11.79173
  237        10.57400
  238         9.96220
  239        10.28018
  240         9.06778
  241         8.51352
  242         8.15041
  243         7.33418
  244        11.89076
  245        14.23775
  246         9.07169
  247         8.29704
  248         7.46763
  249        17.25965
  250        12.91351
  251        10.05326
  252         9.55177
  253         7.81350
  254        10.44937
  255        10.33861
  256        17.04530
  257        14.65877
  258         6.30889
  259        15.25053
  260        21.05742
  261         6.75734
  262        16.03867
  263        13.46734
  264        10.24639
  265        10.58859
  266        10.92107
  267         6.91274
  268        14.51120
  269        10.92564
  270        10.86055
  271         6.34841
  272         9.36530
  273        10.69981
  274        11.74325
  275         6.23568
  276         9.54841
  277        10.24461
  278        12.09782
  279        10.63514
  280        11.20229
  281         8.34781
  282        10.96496
  283         9.82965
  284         7.47170
  285         8.87591
  286         7.80804
  287        13.77989
  288         7.48486
  289         7.11167
  290         8.52984
  291         9.12719
  292        18.95676
  293         6.15235
  294         9.20506
  295         7.51978
  296        10.93020
  297        12.87667
  298         7.32087
  299        13.55556
  300         6.84613
  301         8.81212
  302        10.46538
  303         7.66605
  304         6.83531
  305         9.37195
  306         8.55900
  307         6.73219
  308         9.19237
  309         8.09670
  310        11.68324
  311        10.78009
  312         8.26749
  313         9.43932
  314        11.31057
  315         7.26489
  316        14.10744
  317        12.75891
  318         7.33148
  319        12.22716
  320         9.94334
  321         8.03830
  322         5.67217
  323         8.11490
  324         7.40572
  325        13.34965
  326         5.43902
  327        10.30473
  328         7.99076
  329         9.61753
  330         6.87812
  331         8.27048
  332         7.36580
  333        12.42213
  334        10.94054
  335         7.08644
  336         9.41565
  337         6.96107
  338         6.52011
  339         9.12851
  340         8.89624
  341         7.21864
  342        14.04017
  343         9.11114
  344        12.06604
  345         7.92775
  346        14.05927
  347        10.12862
  348        12.59421
  349        11.59388
  350         7.14361
  351        11.06833
  352         4.30163
  353         8.15147
  354        10.65981
  355         8.51811
  356         6.55690
  357        14.87956
  358        10.61231
  359         7.79378
  360        12.42720
  361         7.02847
  362        12.83390
  363        15.43510
  364         9.25779
  365         5.66927
  366        13.63158
  367        12.44517
  368        10.20744
  369         8.85358
  370         9.21413
  371        11.00920
  372        10.22247
  373        25.12168
  374         8.80857
  375        10.08481
  376         9.94121
  377        12.89350
  378         7.65947
  379         8.94281
  380        13.42010
  381         8.13897
  382         9.17710
  383         6.45537
  384        16.75061
  385         8.17971
  386         5.65211
  387         9.68366
  388         9.89686
  389         8.91932
  390         8.76566
  391        10.44567
  392         8.20276
  393        12.82122
  394        10.68219
  395         9.56597
  396        10.94982
  397         7.23327
  398        12.93954
  399         9.84337
  400        11.60128
  401         8.71953
  402         8.24960
  403        10.14815
  404         8.81930
  405        17.95828
  406        11.03079
  407         6.77326
  408         9.63504
  409         9.93619
  410         8.85507
  411         6.99182
  412         6.39263
  413         8.76400
  414         9.64642
  415        14.53837
  416         7.59322
  417         9.99464
  418         8.19531
  419         9.05281
  420        15.23715
  421        16.34541
  422         9.51460
  423        12.04646
  424         9.68256
  425         9.89834
  426         8.77013
  427         8.89124
  428         4.61260
  429        10.79955
  430        10.30772
  431         9.27434
  432        11.58026
  433        12.11800
  434         7.10671
  435         9.59303
  436         7.70431
  437        11.22775
  438         6.27505
  439        12.77401
  440         8.80556
  441        15.04334
  442         7.24483
  443        11.78823
  444        10.33538
  445         6.36581
  446         8.19448
  447        17.24863
  448         7.38527
  449        11.72821
  450        14.92084
  451         6.27722
  452        11.49794
  453         8.90069
  454         8.35583
  455         8.77182
  456         8.74393
  457         9.15505
  458        11.92758
  459        13.25143
  460        12.55153
  461         9.00853
  462        14.45419
  463        10.00493
  464        14.14610
  465         9.20475
  466         7.00486
  467        14.27154
  468         9.65967
  469         9.04373
  470        11.12855
  471        13.27982
  472        10.59331
  473        10.70512
  474        10.13371
  475         5.42969
  476        12.91680
  477         9.73772
  478         6.90892
  479        13.09962
  480         8.23253
  481         8.16043
  482        10.77590
  483        11.97845
  484         8.77744
  485         6.16442
  486         8.20454
  487        10.81760
  488        11.65959
  489         9.95540
  490         8.17124
  491         8.97825
  492         8.48918
  493         7.71007
  494         6.56368
  495         8.42975
  496         7.73647
  497        10.39325
  498         6.92686
  499         9.30083
  500        10.49199
  501        13.07392
  502        10.31334
  503         7.19943
  504         8.80354
  505         8.29789
  506        19.03444
  507         7.41804
  508         7.91943
  509        13.71751
  510         8.71643
  511         7.13414
  512        15.75856
  513        11.79613
  514         7.07943
  515         7.80777
  516        13.41286
  517         9.27649
  518         8.29344
  519        12.90347
  520         5.70759
  521         7.13650
  522        12.76000
  523         6.64435
  524         9.53184
  525        12.45236
  526         8.98779
  527         9.81298
  528        13.83753
  529        18.53727
  530        10.19538
  531         8.23132
  532         8.31113
  533        11.10741
  534         7.99437
  535         8.02344
  536         7.68155
  537         8.04048
  538        12.42852
  539         9.82482
  540        10.62638
  541         8.80131
  542        12.31679
  543         7.19218
  544         6.80021
  545         8.02705
  546        10.55668
  547         9.34240
  548         7.59434
  549         9.00154
  550         7.20026
  551        11.35415
  552         6.96047
  553         8.03218
  554         6.20170
  555         5.16532
  556         7.24437
  557        18.16467
  558        10.25338
  559        11.93883
  560         8.67934
  561         9.45980
  562         6.16589
  563         8.41954
  564        12.50752
  565         9.81857
  566         8.24677
  567        12.08902
  568         7.24135
  569         7.03946
  570        18.06364
  571         9.81262
  572        12.24196
  573         9.99737
  574         8.71093
  575         5.39527
  576         7.19360
  577        16.89251
  578         9.52050
  579        11.02099
  580         9.96966
  581        16.22301
  582         7.98901
  583         6.25780
  584        15.33669
  585         8.01975
  586        11.27301
  587        10.04810
  588        10.61814
  589        10.25091
  590        10.13049
  591         6.97782
  592         8.24093
  593         7.66600
  594         8.53486
  595         7.94500
  596         6.47454
  597         7.13101
  598        13.56342
  599         7.88735
  600         8.94713
  601        21.29234
  602        10.17854
  603        12.78343
  604        11.65554
  605         6.74328
  606         8.72138
  607         7.65113
  608         5.99805
  609         9.06108
  610         8.50409
  611         9.10844
  612         9.00616
  613         8.23393
  614         7.44563
  615         6.47967
  616         8.43907
  617         7.71967
  618        10.26787
  619        12.04209
  620        10.97975
  621        12.89161
  622         8.99498
  623         6.88098
  624        12.56333
  625        15.16837
  626         8.36224
  627        10.04794
  628        10.74740
  629         6.76238
  630         9.82175
  631         8.17673
  632         8.09438
  633         7.64781
  634        11.58780
  635         8.51238
  636        10.33440
  637        12.39729
  638         7.46204
  639         6.05266
  640        13.73666
  641         8.05998
  642        14.17078
  643         8.47396
  644        10.20715
  645        15.71813
  646         9.01010
  647         9.50142
  648         5.95827
  649         8.87485
  650        13.03235
  651         9.78810
  652        10.93745
  653        10.23619
  654         7.10018
  655         7.26538
  656         5.76971
  657         5.80057
  658        10.38911
  659        13.06140
  660         9.88510
  661        11.92130
  662        13.61300
  663        13.85773
  664         7.98257
  665        10.75077
  666         9.97541
  667        10.03845
  668        11.68979
  669         9.24979
  670        12.85443
  671         8.93151
  672         7.89562
  673         9.03509
  674         8.30694
  675        11.67604
  676         7.91797
  677         9.39202
  678         9.68131
  679        12.79582
  680         6.40424
  681         9.56430
  682        10.16176
  683         9.38870
  684         7.73015
  685         7.91866
  686         5.55320
  687         6.29273
  688        13.43525
  689        14.38797
  690         7.07123
  691         7.88324
  692         7.48459
  693         5.71233
  694         9.65349
  695         9.67069
  696         5.36659
  697        10.27174
  698        12.76051
  699        10.19633
  700         7.98556
  701         7.20431
  702         6.86396
  703        13.15335
  704        10.91521
  705        18.05779
  706         9.64057
  707         7.30540
  708         8.09849
  709        11.68354
  710        12.12089
  711        10.68372
  712        14.88513
  713        10.45453
  714         5.78459
  715         6.72636
  716         9.09398
  717         9.16139
  718         9.53704
  719        15.59968
  720        17.85479
  721        11.80396
  722         8.58485
  723        16.38680
  724        14.84694
  725         7.86937
  726         7.24434
  727        12.32069
  728         5.32381
  729        10.32073
  730         7.99960
  731         8.08688
  732        10.74635
  733        11.04393
  734         7.61659
  735         9.31418
  736         9.30154
  737         4.45962
  738         6.80940
  739         7.61082
  740         7.98942
  741         6.77866
  742        16.14664
  743         7.52473
  744         9.61852
  745         9.31472
  746        12.01917
  747         9.30464
  748         9.80312
  749        17.73844
  750        11.81491
  751        10.54844
  752         8.81709
  753         8.87399
  754         6.46587
  755         9.95153
  756         9.19165
  757        17.02701
  758        12.11665
  759         5.29128
  760         8.15605
  761        12.53486
  762        13.49596
  763        11.32877
  764        12.36491
  765        10.05988
  766        10.69334
  767         9.52608
  768         7.55898
  769        10.62885
  770         6.85091
  771         9.22581
  772        14.96694
  773         8.23064
  774         8.20381
  775         9.47698
  776        20.05745
  777         8.56965
  778         7.91553
  779        10.60532
  780        16.10132
  781        10.79466
  782         9.68463
  783        12.99082
  784        11.17334
  785         8.33713
  786        12.60084
  787         9.08296
  788        18.11140
  789         8.86757
  790         8.13579
  791         6.32299
  792         8.59329
  793        10.17632
  794         9.22112
  795         8.51912
  796        13.44150
  797        14.35205
  798         7.81357
  799        13.45629
  800        10.56201
  801         6.71190
  802         9.65453
  803         8.84501
  804        11.50855
  805         9.05283
  806         9.71990
  807        14.05395
  808         4.43873
  809         9.18139
  810        10.89934
  811        11.80784
  812         7.20126
  813        13.64631
  814         9.63475
  815         7.70130
  816        11.91738
  817        13.15937
  818         8.35175
  819         9.00965
  820        13.70268
  821         5.74986
  822         9.91671
  823         7.84860
  824         7.36048
  825         6.13624
  826         6.14661
  827         8.73704
  828         9.96098
  829        15.65533
  830        10.52847
  831         9.71557
  832         7.53303
  833         8.82570
  834         6.78287
  835        16.89791
  836        11.49523
  837         7.00571
  838        15.95288
  839        12.29959
  840         9.78784
  841        10.71517
  842         9.38441
  843        10.10401
  844         7.04636
  845        11.18916
  846         8.62466
  847         9.68311
  848         8.18791
  849         9.48671
  850        13.17437
  851         5.56858
  852         6.59474
  853        13.93690
  854         6.45273
  855         9.18194
  856        11.30865
  857        13.06784
  858        15.80200
  859         7.74874
  860         7.02956
  861         8.01806
  862         8.21635
  863        15.27806
  864         9.95898
  865        10.77855
  866         7.93804
  867         8.70016
  868         6.00468
  869        11.64171
  870        16.26331
  871         7.35293
  872         9.52894
  873         8.21302
  874         6.48613
  875        13.87842
  876         7.31846
  877        10.06176
  878         7.96835
  879         8.26810
  880         8.86088
  881         9.47672
  882         9.31388
  883         8.91713
  884         8.76112
  885        12.52478
  886         6.87691
  887         9.36427
  888        12.18838
  889        12.43892
  890        10.36299
  891         9.13016
  892         7.19985
  893         6.69153
  894         9.66020
  895         7.15914
  896         8.12997
  897        13.12481
  898        12.98589
  899        10.23181
  900        10.65771
  901        11.88439
  902         9.99957
  903        12.91305
  904         6.89281
  905        10.72476
  906        10.39070
  907        12.37550
  908         7.43580
  909        13.28768
  910         8.54670
  911        11.17472
  912         7.70792
  913         9.48628
  914         5.73067
  915         9.28471
  916         8.38424
  917         7.80126
  918        10.02703
  919         8.24964
  920         7.13668
  921         8.22702
  922         6.70715
  923        10.57566
  924         8.46829
  925         8.42028
  926        11.20772
  927        16.67899
  928        13.11602
  929         8.72987
  930         8.83704
  931        16.18345
  932         8.99804
  933        10.90130
  934         7.39454
  935        11.16974
  936         8.22263
  937         8.56522
  938         6.67594
  939         6.72790
  940        11.35337
  941        10.38602
  942         8.14998
  943        10.76249
  944         5.91900
  945         7.60839
  946         9.41389
  947         8.67977
  948        12.67062
  949         8.46936
  950         6.70156
  951         6.86742
  952        13.26850
  953         9.05025
  954        11.64154
  955         8.90182
  956         7.54533
  957         8.16973
  958         9.06263
  959         8.66070
  960        13.55889
  961        10.52441
  962         7.77512
  963        12.72343
  964        12.26256
  965         7.76508
  966         9.86901
  967         6.51447
  968         8.78950
  969        11.10668
  970        13.70011
  971        10.01352
  972        10.44012
  973         9.97563
  974        13.00623
  975        15.47212
  976        10.42312
  977         6.97171
  978         8.49742
  979         8.88071
  980        12.21893
  981         7.49862
  982        10.64349
  983         7.16203
  984        15.44471
  985         5.56141
  986         6.98134
  987         8.17926
  988         8.40719
  989        14.52738
  990        12.49150
  991         8.42771
  992         6.09877
  993        10.13229
  994        14.29226
  995         6.59764
  996         9.93834
  997         7.73729
  998         6.97339
  999        10.98135
 1000        12.92792