#      772255484   -filetype ZipermE.out 
#
# QTL Cartographer v. 1.17e, 27 August 2003
# This output file (qtlcart.z3e) was created by ZMapQTL...
#
# It is 00:49:28 on Tuesday, 11 December 2018
#
#
#The position is from the left telomere on the chromosome
-window      10.00      Window size for models 5 and 6
-background      5      Background parameters in model 6
-Model           3      Model number
-trait           8      Analyzed trait [TUELA]
-cross         Ri1      Cross
#
#  Note that our Likelihood ratio test statistic compares two nested hypotheses
#  and is two times the negative natural log of the ratio of the likelihoods.  For example,
#  assume that  hypothesis H0 is nested within H1 and that they have likelihoods L0 and L1 respectively.
#  Then, the "Likelihood Ratio Test Statistic" is -2ln(L0/L1). 
#
#  Repetition    GlobalMax  -start  
    1         8.59280
    2        10.58527
    3        13.39043
    4         9.31691
    5         8.54023
    6        11.42490
    7         8.27171
    8         5.44430
    9         8.21492
   10         8.36886
   11        11.44384
   12         6.70911
   13        12.35998
   14         6.63417
   15         9.31812
   16         7.45282
   17        10.56027
   18         6.07067
   19        12.83180
   20         6.68370
   21         9.77451
   22        11.44275
   23        16.19797
   24         9.64269
   25         9.66482
   26        10.32331
   27         8.48596
   28         8.77613
   29         9.44023
   30        12.62701
   31        15.21827
   32         7.68236
   33         8.02986
   34        19.28127
   35         9.34421
   36         9.71519
   37         8.34197
   38        10.03380
   39        12.15698
   40        10.21841
   41         7.28279
   42         7.75333
   43         7.09073
   44         7.16029
   45         4.73283
   46         8.56383
   47        11.97294
   48         7.04801
   49         8.20732
   50         7.94141
   51         5.31148
   52         7.80222
   53         8.19752
   54         9.58954
   55         5.31171
   56         7.91127
   57        11.96993
   58         4.95001
   59        10.90669
   60        14.59570
   61         8.88604
   62         9.64629
   63         9.35215
   64        11.16600
   65         7.32948
   66         6.66990
   67        12.72516
   68        15.38320
   69        15.35717
   70         8.17182
   71         6.26114
   72        11.48506
   73         7.64048
   74        10.13986
   75        10.30153
   76        10.83668
   77         7.96125
   78         7.33962
   79        11.23601
   80        11.62390
   81         8.01599
   82        13.23071
   83         6.80253
   84         7.73316
   85         9.41372
   86         8.50247
   87         7.78621
   88        10.45309
   89        12.22795
   90        16.04443
   91         6.27841
   92         7.91456
   93        10.86671
   94        14.49049
   95         8.96826
   96         9.53796
   97         6.76382
   98         9.50153
   99         6.06160
  100         8.72790
  101        18.80885
  102         9.71756
  103         6.56548
  104         8.69171
  105         6.53975
  106        10.81657
  107         7.66668
  108         9.26954
  109        13.51476
  110        10.12085
  111         9.38213
  112        10.40580
  113        11.14456
  114        10.05317
  115         8.65048
  116        13.96613
  117         8.41895
  118         9.45527
  119        12.01865
  120        11.00661
  121        10.11304
  122        11.81121
  123         7.28860
  124         8.56552
  125        10.44005
  126         4.89597
  127         7.83405
  128         7.72213
  129        17.31253
  130        10.64862
  131         8.54830
  132        12.47624
  133        10.45262
  134         9.42178
  135        16.32229
  136         5.52924
  137         5.91222
  138         4.79506
  139         9.60862
  140        10.18206
  141         8.99337
  142        12.89758
  143        13.06058
  144         9.14747
  145        12.95757
  146        12.97130
  147        10.11584
  148        11.14579
  149        17.26651
  150         5.99547
  151        10.19286
  152        13.80170
  153        18.21984
  154         7.16597
  155         9.31671
  156        10.19761
  157         7.84455
  158         8.50473
  159         6.81351
  160        10.81441
  161         9.25522
  162         7.89757
  163         8.10041
  164        10.13376
  165        13.28431
  166        13.26433
  167         8.09074
  168         8.86858
  169        11.77773
  170         9.74724
  171        12.14754
  172         7.19857
  173         6.41325
  174         6.13159
  175        12.51922
  176         8.08894
  177         6.02575
  178         7.98171
  179         8.96739
  180        10.44192
  181        12.15670
  182         5.80253
  183        16.33857
  184         9.64880
  185        10.60472
  186         7.90112
  187        17.36796
  188         8.78739
  189        11.28539
  190        11.82077
  191         4.79776
  192        11.33840
  193        11.32746
  194         8.12507
  195        12.35715
  196         8.34000
  197        10.48552
  198         8.36850
  199        17.95509
  200         8.90080
  201         8.41303
  202         9.99958
  203        12.37931
  204         8.23571
  205         8.91070
  206         6.46587
  207        10.41663
  208         7.55901
  209         9.56753
  210         7.52649
  211         9.97524
  212        12.88479
  213         8.91609
  214        13.65004
  215        15.47625
  216         9.11664
  217        12.36469
  218        13.50811
  219         8.47147
  220         7.73396
  221         8.15623
  222        15.26611
  223        10.17416
  224         8.49151
  225        12.70117
  226         5.94278
  227        10.91442
  228         9.67378
  229         9.45392
  230        14.53428
  231         9.98261
  232         8.72277
  233         6.61644
  234        10.35977
  235         8.07365
  236         5.22444
  237        13.05616
  238         8.54369
  239         9.90655
  240         9.88508
  241         6.05578
  242        16.16065
  243        13.55531
  244        15.99609
  245        14.74062
  246         7.62407
  247         7.89177
  248         7.67584
  249         6.72372
  250        15.43026
  251         7.31466
  252         8.98759
  253        10.84679
  254        16.51574
  255         9.66734
  256        10.35999
  257        12.45253
  258         7.44319
  259        10.82696
  260         9.02768
  261         7.67116
  262        15.01016
  263        15.24367
  264        12.62040
  265        10.46000
  266         6.79410
  267         8.16804
  268         7.53811
  269         7.43496
  270         9.69431
  271        10.54895
  272         6.72434
  273         7.29481
  274        11.19198
  275        11.37141
  276        11.71523
  277         7.16389
  278        10.63522
  279         9.66415
  280         9.68914
  281         8.23204
  282         7.71508
  283         8.71161
  284         6.31579
  285        12.50246
  286        10.72235
  287        11.11573
  288         7.53194
  289         7.98858
  290         7.50379
  291         6.88978
  292         9.08925
  293        11.32765
  294         9.35709
  295        16.63458
  296         7.10589
  297         9.14020
  298         8.99110
  299         7.15561
  300        11.21662
  301         7.50779
  302        11.50924
  303        15.80099
  304         5.93960
  305         9.77437
  306        10.49567
  307         9.73809
  308        12.28734
  309         9.61534
  310         8.45546
  311         6.80038
  312         6.92557
  313        10.60668
  314        10.72537
  315         7.79365
  316         8.52976
  317         8.73745
  318         8.27026
  319         9.70878
  320        13.37845
  321         9.61586
  322         8.87948
  323        10.10310
  324         4.25302
  325        10.28560
  326         6.82791
  327         5.97027
  328         7.33344
  329        15.37500
  330         6.75091
  331         9.07470
  332        14.73119
  333         5.72515
  334         7.62024
  335        17.05285
  336        16.34566
  337         5.67414
  338         9.36102
  339        11.35590
  340        13.14700
  341         9.65060
  342        12.39903
  343         6.42048
  344        11.45740
  345         7.29681
  346        15.41329
  347         7.99393
  348         6.03538
  349        11.92917
  350        11.23882
  351         6.68972
  352         7.31644
  353         8.61068
  354         7.90839
  355         7.90895
  356         7.58879
  357        13.44858
  358        10.21079
  359         7.35126
  360        14.30730
  361         8.78985
  362         8.41176
  363        10.75652
  364        15.23822
  365         9.03237
  366        11.06735
  367        15.83854
  368        10.92923
  369         8.01887
  370         8.58670
  371         6.95443
  372         8.46199
  373         8.25104
  374        10.58245
  375         6.01756
  376         8.27853
  377         5.95848
  378         7.16970
  379        10.04959
  380        11.20306
  381         9.82746
  382        10.50959
  383        10.46951
  384         7.05734
  385        12.64938
  386        11.91896
  387         7.65830
  388        11.10773
  389         9.37269
  390        17.10491
  391         8.16974
  392         5.53341
  393         7.01978
  394        10.34167
  395         9.29237
  396        11.50420
  397         7.11574
  398         9.16441
  399         7.13327
  400         9.54676
  401         7.94229
  402         9.80474
  403         7.54441
  404        14.75488
  405         7.77556
  406         8.94455
  407        17.97291
  408         7.86003
  409         7.84327
  410        14.08513
  411         9.05154
  412        10.42708
  413         8.52430
  414        14.40299
  415        16.71224
  416        10.63498
  417         7.86532
  418         5.23651
  419        11.94834
  420        13.59137
  421        11.50457
  422         9.88355
  423        17.17331
  424         9.08719
  425        10.69812
  426         7.42632
  427        10.59248
  428         5.37458
  429         7.72722
  430         7.02967
  431        12.88819
  432        10.30994
  433         9.25272
  434         7.25788
  435        12.65510
  436         7.61770
  437        10.33344
  438        11.87105
  439         9.61186
  440        11.50640
  441         7.47257
  442        15.05664
  443         7.25229
  444         7.75937
  445         7.58271
  446         9.18702
  447        11.56207
  448        12.44318
  449        12.81275
  450         8.47265
  451        12.03424
  452         9.84287
  453        11.06348
  454         8.95667
  455        12.68085
  456        13.34874
  457         5.71936
  458         8.38717
  459        11.47905
  460        11.33420
  461        10.74833
  462         7.41790
  463         6.22190
  464        11.16445
  465        12.52000
  466        18.79308
  467         9.86022
  468         9.56868
  469         5.51319
  470         9.69313
  471         7.73285
  472         8.75539
  473         5.80916
  474        12.89052
  475        10.46672
  476         8.06053
  477         9.54570
  478         7.67020
  479        11.72439
  480        12.89137
  481        10.99681
  482        15.70518
  483         9.05170
  484         9.63954
  485         9.30653
  486         6.61110
  487        10.05398
  488        11.31701
  489        17.77588
  490         8.97060
  491         5.96628
  492         7.86042
  493        10.86321
  494         8.63866
  495         6.71323
  496         6.39711
  497        10.08637
  498         7.98739
  499        11.08994
  500         7.53748
  501         7.92778
  502         6.83490
  503         9.47078
  504         6.53477
  505        10.49433
  506         7.27862
  507         4.86342
  508         8.48993
  509         8.30117
  510         7.71439
  511        10.32206
  512         9.26766
  513         6.10803
  514        12.39443
  515         8.26561
  516         8.53336
  517         9.18470
  518         7.11048
  519        12.49927
  520        13.19288
  521         7.31043
  522        22.17090
  523         7.88040
  524        10.48928
  525         9.60473
  526         9.44925
  527         8.58449
  528         8.95314
  529         7.00567
  530        11.86153
  531         9.85099
  532        12.73239
  533         7.36043
  534         6.78793
  535         6.30818
  536         8.16201
  537         9.91005
  538        17.62413
  539         7.04421
  540         9.98238
  541         5.64060
  542         8.51394
  543        22.10602
  544        10.19534
  545         9.01297
  546        11.92152
  547         8.88371
  548         7.07785
  549         6.22729
  550         8.55060
  551        11.61309
  552         6.87084
  553         8.11961
  554        13.02554
  555        14.04950
  556         8.63695
  557         6.12034
  558         8.55775
  559        10.93598
  560         6.85567
  561         9.42656
  562         8.04161
  563        15.27725
  564        12.56613
  565         5.54023
  566        13.10405
  567        15.48416
  568        10.53126
  569         9.39500
  570        10.21337
  571         7.68899
  572         9.15402
  573         9.74459
  574         9.79783
  575         8.25667
  576         7.98149
  577         7.89143
  578        10.90957
  579         7.80533
  580         8.39082
  581         9.55070
  582         9.23163
  583         7.49374
  584        11.68338
  585        13.19345
  586        11.34747
  587        13.59794
  588        11.81046
  589         6.12661
  590        11.50018
  591         4.65426
  592         6.96495
  593         7.72716
  594         8.46602
  595         8.86595
  596         8.79654
  597        12.85916
  598         5.82081
  599         6.45610
  600         8.96856
  601         9.14103
  602        13.62207
  603        12.84874
  604         7.69082
  605        10.95967
  606         7.43300
  607        10.16380
  608        10.10519
  609         9.87454
  610         5.23035
  611         8.38053
  612         9.06031
  613        14.91537
  614        12.76817
  615         6.86629
  616         6.79106
  617        11.32759
  618         7.28217
  619         6.68102
  620         9.34449
  621         8.36304
  622         7.30508
  623        11.11472
  624         9.68597
  625         6.78480
  626         6.14389
  627         8.51194
  628         8.65248
  629        10.49272
  630         8.54918
  631        14.59031
  632         7.82317
  633         9.49960
  634         9.70969
  635         9.17308
  636         8.03430
  637        11.73415
  638         9.16598
  639        11.64174
  640        10.48876
  641        11.19896
  642         5.56579
  643         8.31640
  644         6.68698
  645         6.50581
  646        10.02360
  647        12.07058
  648         9.65270
  649         7.51617
  650        20.88267
  651        13.26561
  652         8.42505
  653        12.65488
  654        15.18694
  655        13.00722
  656         6.87604
  657         7.36521
  658        13.76915
  659        13.17687
  660        15.09007
  661         9.07941
  662        11.77939
  663         8.97189
  664         7.75362
  665         9.62369
  666         9.39013
  667        13.11180
  668        10.27623
  669         8.17924
  670         8.09884
  671         6.35654
  672         8.22044
  673         8.57117
  674        11.30558
  675        13.80263
  676         8.26721
  677        13.43737
  678         8.23190
  679        10.62723
  680         9.64119
  681         8.59487
  682         8.69822
  683         6.75723
  684         8.98499
  685         8.91667
  686        10.66760
  687         6.02231
  688         7.35771
  689         7.13383
  690        11.19367
  691         6.83381
  692         5.13275
  693         7.40597
  694         5.71830
  695         5.37909
  696        10.13649
  697         9.54151
  698         5.67628
  699         6.21180
  700        10.21319
  701         9.64666
  702        11.90076
  703         8.28460
  704         6.03189
  705         9.23162
  706         7.25411
  707        10.45300
  708        11.07383
  709         9.42414
  710         9.71177
  711         8.14413
  712         8.09057
  713        10.27177
  714         8.71660
  715        10.26756
  716         8.49276
  717         7.67338
  718        11.02732
  719        10.57553
  720        10.32517
  721         4.92114
  722         8.44050
  723        12.52561
  724         5.94650
  725        11.73121
  726         7.26613
  727        12.43865
  728         9.11237
  729         9.57434
  730        10.38198
  731        12.03676
  732         8.41601
  733         9.38502
  734        10.36108
  735        11.09562
  736        10.21126
  737        10.86472
  738         6.00128
  739         9.05544
  740         7.84285
  741        10.04602
  742        12.91763
  743         5.85346
  744         8.35911
  745         7.61465
  746        13.17755
  747        12.05324
  748         8.39522
  749         6.72844
  750         5.79499
  751         9.29598
  752         8.78216
  753         6.72165
  754         9.17703
  755        11.93843
  756         8.78378
  757        10.53787
  758         8.83367
  759         9.26243
  760        10.00034
  761         7.27878
  762         7.86001
  763        12.57349
  764        15.01218
  765         9.65559
  766         6.07737
  767         6.00583
  768        10.09497
  769         8.60324
  770         6.51680
  771         9.69009
  772        11.08872
  773        11.80408
  774        10.23179
  775         8.71992
  776         8.22405
  777        14.25327
  778         6.28914
  779         9.56860
  780         6.59023
  781        10.09813
  782         9.17565
  783         8.95142
  784         8.16754
  785        12.63248
  786         7.73887
  787        13.30782
  788         7.78310
  789        11.96918
  790        16.68633
  791        13.39984
  792        13.92047
  793        16.20761
  794         7.38616
  795         7.11259
  796         8.88740
  797         6.90134
  798         8.41720
  799         8.67885
  800        11.57229
  801        10.66745
  802         9.00070
  803        16.09857
  804        10.56991
  805        22.35939
  806        10.91909
  807        10.15125
  808         8.57175
  809        11.88219
  810        10.57807
  811         9.00716
  812         9.23118
  813         8.81303
  814         8.24958
  815        10.70996
  816        11.23235
  817         6.87667
  818         8.68712
  819        11.02643
  820         7.53306
  821         7.43509
  822        11.82304
  823        12.42755
  824         7.62073
  825         9.12414
  826         4.96259
  827         8.94541
  828         8.97001
  829         6.12012
  830         4.56965
  831         6.73260
  832        10.25581
  833        14.58840
  834         7.55384
  835        11.07809
  836        10.37198
  837         8.85469
  838        11.33287
  839         6.61146
  840         7.59944
  841         8.37285
  842        13.72605
  843        13.08186
  844         9.13668
  845         8.43717
  846         6.96791
  847         7.45541
  848         9.10243
  849        11.78877
  850        13.35531
  851        14.49632
  852         6.95865
  853         9.45135
  854         7.92111
  855         5.78290
  856         6.91395
  857        14.07056
  858        11.05631
  859        11.59661
  860         7.76779
  861        10.45380
  862         7.59301
  863         6.73987
  864         7.53631
  865         7.42893
  866        11.02851
  867        12.13379
  868        10.39122
  869         7.71657
  870         7.83819
  871         8.39110
  872         6.16087
  873        10.64016
  874        11.27538
  875        16.00312
  876         9.72028
  877        11.79213
  878         7.21756
  879         7.19098
  880         8.16533
  881         8.18300
  882         9.89952
  883        11.25919
  884         8.93901
  885        11.63465
  886         9.61037
  887        13.24751
  888         8.35132
  889         9.18179
  890         8.39004
  891         8.57578
  892        11.04964
  893         6.87874
  894        15.05879
  895         8.19556
  896        15.85707
  897        14.01721
  898        11.22105
  899        18.03917
  900         9.23683
  901         8.60699
  902         7.88860
  903        19.12828
  904        13.90517
  905        11.13320
  906        12.85791
  907         6.53382
  908         7.79254
  909         6.86362
  910         8.73600
  911        13.37745
  912        10.81588
  913        15.59209
  914        11.78610
  915        10.80683
  916         8.73289
  917         8.11884
  918         7.69986
  919         8.42208
  920        13.33190
  921        15.92558
  922         7.13782
  923         9.55460
  924        10.39573
  925         7.97552
  926        10.89477
  927        17.78340
  928        11.76113
  929         6.97708
  930        11.95221
  931        13.14244
  932         7.14891
  933        14.68709
  934         8.53296
  935         9.75157
  936         8.20670
  937        11.03537
  938         9.49124
  939         6.97925
  940         6.97421
  941        13.78320
  942         9.72712
  943        10.02323
  944        10.18149
  945        10.17726
  946         8.49668
  947         8.46036
  948         8.37301
  949         6.31584
  950         7.13560
  951         9.36260
  952        11.58147
  953         9.37669
  954        12.44486
  955        14.67001
  956        11.57641
  957         6.40587
  958        11.40217
  959        10.08248
  960        11.32104
  961         6.85723
  962         9.19709
  963         9.93544
  964         7.12319
  965         9.89186
  966         6.42997
  967        11.36519
  968        10.15746
  969         7.49594
  970         9.76842
  971         8.16429
  972         7.14294
  973         9.65642
  974         7.70759
  975         7.29863
  976         8.76894
  977         9.06834
  978         7.12584
  979        13.79142
  980         6.04419
  981        11.32459
  982         7.64421
  983        11.56680
  984        15.38343
  985         8.58650
  986         9.07694
  987        17.24700
  988         8.88143
  989         9.92479
  990         9.92866
  991        19.12898
  992        10.73534
  993         9.05850
  994        10.90407
  995         8.76209
  996         6.97905
  997        13.69511
  998         9.03548
  999         9.90105
 1000         8.04961