#      772254011   -filetype ZipermE.out 
#
# QTL Cartographer v. 1.17e, 27 August 2003
# This output file (qtlcart.z3e) was created by ZMapQTL...
#
# It is 00:00:23 on Tuesday, 11 December 2018
#
#
#The position is from the left telomere on the chromosome
-window      10.00      Window size for models 5 and 6
-background      5      Background parameters in model 6
-Model           3      Model number
-trait           7      Analyzed trait [MLA]
-cross         Ri1      Cross
#
#  Note that our Likelihood ratio test statistic compares two nested hypotheses
#  and is two times the negative natural log of the ratio of the likelihoods.  For example,
#  assume that  hypothesis H0 is nested within H1 and that they have likelihoods L0 and L1 respectively.
#  Then, the "Likelihood Ratio Test Statistic" is -2ln(L0/L1). 
#
#  Repetition    GlobalMax  -start  
    1        11.88748
    2        14.07383
    3        12.16007
    4         9.47616
    5         9.84493
    6        12.51049
    7         7.75164
    8        11.14059
    9         8.09714
   10         9.67088
   11         6.98145
   12         7.47946
   13        13.49015
   14         6.45083
   15         8.85963
   16        11.57090
   17        10.35738
   18         7.56941
   19         7.24272
   20         8.42407
   21         7.08541
   22         6.70135
   23         9.81281
   24         8.28944
   25        11.49966
   26        11.32811
   27        13.39789
   28         8.17615
   29         9.60097
   30         7.34769
   31         9.06127
   32         9.23422
   33        17.98685
   34        10.47137
   35         7.67307
   36         6.08324
   37         7.77480
   38         9.49071
   39        13.50027
   40         7.84203
   41        13.34766
   42         8.98025
   43         6.32963
   44        20.92746
   45        12.03852
   46         7.26452
   47        12.03683
   48         9.10518
   49        10.49627
   50        14.79920
   51         7.39624
   52         8.75764
   53        11.37122
   54         9.73842
   55         6.82018
   56        11.14910
   57        10.77480
   58         9.11809
   59         7.62978
   60        10.16322
   61         8.98010
   62         5.76725
   63         7.01969
   64         7.55381
   65        10.03447
   66         9.34669
   67        12.20140
   68         8.99405
   69        11.67755
   70        10.70913
   71        11.75475
   72         9.36440
   73         7.81687
   74        10.68132
   75         7.52214
   76        12.56033
   77         9.09768
   78        11.37820
   79        10.46565
   80        14.64587
   81         7.50614
   82         9.60421
   83         8.37588
   84        10.11263
   85         8.81048
   86        12.94652
   87        11.82513
   88         7.57681
   89        11.41651
   90         7.50031
   91        10.95686
   92         6.87452
   93        11.50565
   94         6.18023
   95        10.41353
   96         8.42209
   97         7.21666
   98        12.67821
   99         6.89614
  100         8.88743
  101         9.82114
  102         9.63252
  103        11.01204
  104        11.47484
  105         9.21311
  106         8.24555
  107         9.12888
  108         9.72034
  109         9.74518
  110         6.73215
  111         8.48855
  112         6.79866
  113         9.97392
  114         9.18430
  115         8.00001
  116         5.97256
  117        10.83641
  118         8.92536
  119        19.50915
  120        11.41726
  121         7.88801
  122        12.28473
  123        12.66519
  124         7.31506
  125        12.18226
  126        12.24534
  127        10.95613
  128         7.33526
  129        11.41814
  130        11.05297
  131         6.82955
  132         8.74685
  133         9.37453
  134        10.03004
  135         9.65087
  136        13.73661
  137         5.72673
  138        14.49605
  139         8.63925
  140         7.33790
  141        11.38066
  142         8.68400
  143        13.99944
  144         8.89109
  145        10.13135
  146         8.90098
  147        10.32654
  148        14.09424
  149         7.04386
  150        10.25853
  151         7.86208
  152        10.26314
  153         7.30783
  154         9.01201
  155        14.24202
  156        16.90242
  157        10.60848
  158        12.46722
  159        15.09576
  160        13.28417
  161         7.20738
  162         9.35800
  163        10.69007
  164         7.13909
  165         9.24929
  166         6.91543
  167         6.31412
  168         9.34287
  169         7.28109
  170         6.44584
  171         5.71170
  172        15.47744
  173         9.05065
  174         5.61760
  175        11.41119
  176         6.14813
  177         8.03436
  178        11.25742
  179        11.03275
  180         6.46458
  181         8.42779
  182        11.21509
  183         7.37650
  184        12.66519
  185         7.33734
  186         7.71032
  187         8.92294
  188        12.39932
  189         7.59695
  190         6.29044
  191        12.87829
  192         9.48935
  193         9.33172
  194         4.81177
  195         9.44781
  196        12.00797
  197        11.28034
  198         7.45217
  199         8.91188
  200        12.46276
  201         7.97359
  202        13.28614
  203         7.19974
  204         8.06979
  205         9.95841
  206        10.41645
  207        10.97330
  208        10.58002
  209        10.50400
  210         9.58549
  211         8.25618
  212        10.01047
  213        14.43834
  214         7.14591
  215        12.92076
  216        15.55346
  217         9.23748
  218         7.54733
  219         8.85479
  220        10.14367
  221        10.23123
  222        11.45896
  223        11.41179
  224        10.22284
  225        11.63904
  226        12.27034
  227         9.73728
  228         9.08043
  229         8.76059
  230        17.33991
  231        10.71961
  232        12.89555
  233         5.50690
  234         9.09622
  235         9.70715
  236         9.53697
  237         6.75463
  238         8.48772
  239         9.44085
  240        11.53144
  241        11.48497
  242         9.69292
  243        10.51428
  244        10.63183
  245         8.85444
  246        12.74629
  247         7.04096
  248        16.61141
  249         5.83992
  250        11.81353
  251         5.99817
  252        11.09335
  253         6.67103
  254        13.21807
  255         8.34008
  256         7.52881
  257        11.60311
  258         7.31388
  259        14.78651
  260        10.38996
  261        10.42231
  262         7.69966
  263        10.20889
  264        10.66242
  265         7.44184
  266        10.18160
  267         7.57565
  268         7.55722
  269        12.21055
  270        11.40492
  271         6.63912
  272        10.30464
  273         9.98002
  274        11.56048
  275        12.28331
  276         8.67716
  277         7.02024
  278         6.77438
  279         5.40580
  280        13.16066
  281        10.33384
  282         7.77921
  283         8.38502
  284         7.40413
  285         9.44279
  286         5.36766
  287         9.84145
  288        13.80032
  289         7.22900
  290         9.83954
  291         7.28387
  292        10.46089
  293         8.83995
  294        10.91251
  295         7.46958
  296         6.82651
  297        16.15504
  298        10.05989
  299        17.51323
  300         8.09694
  301         8.49102
  302         7.78213
  303        12.40151
  304         8.81951
  305         6.82741
  306         9.99777
  307        13.02864
  308        11.54588
  309        10.41608
  310         6.25111
  311        10.08905
  312        11.17383
  313         7.30963
  314        12.96317
  315         6.37228
  316         6.58311
  317        10.47362
  318        11.50230
  319        10.39524
  320         9.01541
  321         7.55328
  322        14.16790
  323         8.55724
  324        17.75443
  325        10.57909
  326        10.92818
  327         5.77829
  328        10.18752
  329         6.97788
  330         9.54661
  331         8.48687
  332         8.78113
  333         8.99303
  334        10.79799
  335         9.55422
  336         8.88139
  337         7.31327
  338         9.70022
  339         8.13009
  340         7.92650
  341         9.19376
  342         7.27869
  343         6.66886
  344         7.70049
  345        11.20212
  346        17.80161
  347         6.83034
  348         7.79682
  349         8.80219
  350        12.17455
  351        12.51778
  352         9.99143
  353        12.60264
  354         5.93907
  355        12.20830
  356         6.24406
  357         6.91425
  358        11.49270
  359        10.90799
  360         9.16825
  361         8.63452
  362        11.79583
  363         7.05453
  364         9.57204
  365         7.17061
  366         8.07703
  367         7.89096
  368         6.34400
  369         7.01090
  370         9.86751
  371         9.39106
  372         5.14874
  373        13.40910
  374         7.55480
  375         9.04927
  376        10.23527
  377         8.41181
  378         8.93852
  379         7.37844
  380         6.77795
  381         6.31582
  382         8.84062
  383         9.99179
  384         8.83456
  385         8.98340
  386        10.13575
  387         6.81347
  388         7.56910
  389         7.49898
  390         7.61269
  391        13.59060
  392        14.61203
  393         9.55347
  394        13.71020
  395         9.45268
  396         8.09571
  397         9.91930
  398         9.22109
  399        11.84704
  400         9.51167
  401        11.88758
  402         6.55904
  403        14.16738
  404         7.24523
  405        11.84885
  406        11.45898
  407         8.49830
  408        12.79306
  409         9.30026
  410         7.47596
  411         9.52103
  412         6.92942
  413         7.28304
  414         5.73627
  415         7.49688
  416         8.29722
  417         8.48753
  418         7.96272
  419         6.06422
  420         7.53510
  421         8.52048
  422        10.58822
  423         8.70949
  424        16.23099
  425         9.20391
  426         8.29950
  427        11.16249
  428         5.60660
  429        11.42619
  430         7.83358
  431         8.72069
  432        17.20444
  433         7.93039
  434         6.01297
  435         6.93800
  436         7.23752
  437        11.55212
  438         8.26871
  439         8.24283
  440         9.29415
  441        10.86789
  442         7.01271
  443         9.42611
  444         8.03589
  445         9.08066
  446        13.34409
  447         5.95665
  448         7.52669
  449         9.06715
  450         6.97036
  451         6.53848
  452         9.57743
  453        20.56498
  454        11.10804
  455         7.73576
  456        12.79544
  457        10.72786
  458         9.46637
  459         7.27275
  460        18.03091
  461         8.23411
  462         9.35644
  463        13.15346
  464        10.86765
  465         7.67434
  466         8.36604
  467        13.21527
  468        11.32944
  469        10.37666
  470        11.90954
  471         8.08361
  472        12.09379
  473         9.29501
  474         6.70376
  475        11.03406
  476        12.82242
  477        14.50277
  478         9.06847
  479        12.78088
  480        16.75478
  481         9.87367
  482        10.83378
  483         7.80424
  484         7.99794
  485        11.21690
  486         7.50033
  487         8.84803
  488        11.98954
  489        13.88142
  490        10.77967
  491         8.09913
  492        14.92226
  493         7.48770
  494         8.21839
  495         9.44528
  496         6.69644
  497         8.51024
  498         7.37942
  499        10.70880
  500         7.77280
  501         6.91107
  502         7.59164
  503         8.93330
  504         8.38329
  505         8.17508
  506         8.00142
  507         7.60336
  508         9.26150
  509         8.15564
  510         7.88899
  511        13.14567
  512        11.81142
  513         9.22912
  514         8.19498
  515         8.68776
  516        10.70194
  517         9.05526
  518         5.16966
  519        14.92891
  520         9.50965
  521         8.82210
  522        12.13711
  523         8.00006
  524        12.56729
  525        11.53756
  526         7.61159
  527        14.02685
  528        10.24888
  529        11.80670
  530        13.05992
  531        10.85588
  532         7.76038
  533         7.98046
  534        14.87515
  535         5.44303
  536         9.86674
  537        16.81930
  538         9.85885
  539        13.90260
  540        12.15176
  541        10.24502
  542         9.34152
  543         6.34470
  544         7.38761
  545         7.18635
  546         9.64373
  547         8.61755
  548        11.31188
  549        12.09404
  550         9.37266
  551        11.85857
  552        10.98362
  553         6.58781
  554        11.26638
  555         9.97161
  556         9.38082
  557         7.20195
  558         6.93853
  559        10.36005
  560         7.99434
  561         5.44521
  562         9.15574
  563        12.06598
  564         6.82370
  565        13.11512
  566         7.88126
  567         6.96749
  568         7.69630
  569        11.23283
  570         8.37075
  571        16.68390
  572         9.79519
  573        13.58786
  574        10.56365
  575         9.13172
  576         7.84198
  577        12.69462
  578         8.90129
  579         8.18784
  580         6.39318
  581        10.51354
  582         9.38077
  583         7.55776
  584        11.49883
  585        16.04627
  586         7.35694
  587        11.93608
  588         7.69233
  589         9.67960
  590        15.30715
  591         6.55751
  592        11.07245
  593         9.33670
  594         9.61353
  595        12.30181
  596         9.53976
  597        18.17893
  598         8.89391
  599         6.35831
  600        12.92917
  601         9.64687
  602         8.33335
  603        11.30908
  604        10.43196
  605         7.90854
  606         8.00621
  607        12.52376
  608        12.01668
  609         7.64470
  610        12.04680
  611        12.07779
  612        13.42835
  613         8.56413
  614         5.35012
  615         9.20860
  616         6.36297
  617        12.78202
  618        12.44104
  619         8.04699
  620        10.52477
  621        10.44594
  622        12.41741
  623        10.90341
  624        10.19757
  625        10.60701
  626         7.50233
  627         8.38502
  628        11.16507
  629         6.52171
  630         6.97511
  631        14.92418
  632        12.73761
  633        10.27847
  634        11.18484
  635         7.66458
  636         6.92297
  637         7.87537
  638        10.63453
  639        12.23912
  640         9.14986
  641        10.39365
  642         6.98450
  643         6.92202
  644        10.28423
  645        10.78138
  646        12.72865
  647         7.63472
  648         8.03913
  649        10.57728
  650         9.00627
  651        10.29965
  652         9.34005
  653         9.45109
  654         7.54119
  655        17.12859
  656         8.50274
  657         8.37232
  658         8.37915
  659         8.00224
  660        10.11920
  661         6.66559
  662         8.09335
  663        11.84268
  664         7.66248
  665         8.03791
  666         8.75313
  667         7.10698
  668        10.90271
  669        14.23431
  670         7.96759
  671         8.13152
  672        12.71699
  673         8.96238
  674        14.34740
  675         8.21079
  676        13.52204
  677         9.27369
  678        10.23695
  679         7.73161
  680         7.40213
  681         9.32908
  682         7.02083
  683         9.00760
  684        11.61972
  685        10.82989
  686         8.43758
  687        11.53580
  688         7.89848
  689         9.81723
  690        11.50692
  691         7.96074
  692         9.67820
  693        11.42286
  694        11.93629
  695         6.66491
  696        12.04979
  697         5.20377
  698        14.52822
  699         5.29110
  700         9.40900
  701        10.53613
  702         8.89083
  703         7.93035
  704         8.21938
  705         6.75332
  706         9.11342
  707        12.42685
  708        10.09425
  709        13.24377
  710         4.71889
  711        10.15045
  712         8.44667
  713        13.84527
  714        19.05921
  715         6.15157
  716        13.82960
  717        14.85637
  718         6.93414
  719         8.23426
  720        10.93257
  721         8.33905
  722         6.12508
  723        10.80622
  724        10.11439
  725         7.67112
  726        12.70353
  727         8.59778
  728        10.93070
  729         9.12242
  730        13.20723
  731        12.90135
  732        13.14091
  733         6.51306
  734         9.38360
  735         9.26650
  736        10.06009
  737        11.29694
  738        10.57573
  739         7.33306
  740        16.71810
  741        10.75569
  742        10.75805
  743        10.35133
  744         8.72034
  745         8.59826
  746        12.12425
  747        10.26701
  748        13.01514
  749        11.67209
  750        10.47504
  751        11.49513
  752         8.76335
  753        10.30776
  754         7.88776
  755         9.50997
  756         6.88394
  757         7.74928
  758        12.02693
  759        11.78530
  760        12.43197
  761        10.42693
  762        13.12169
  763         8.15065
  764         7.69269
  765         7.98306
  766        12.76287
  767         9.81910
  768         9.21804
  769         6.21090
  770        14.11999
  771         9.41812
  772         6.37517
  773         7.07967
  774         9.70677
  775        12.22112
  776         8.42747
  777         7.05590
  778         8.81515
  779         8.45922
  780         9.80197
  781         9.17171
  782         8.38132
  783        10.44291
  784         7.41867
  785        10.67553
  786         9.04940
  787         8.47948
  788         5.96811
  789         7.23546
  790         6.04538
  791        11.16051
  792         6.13366
  793         7.67067
  794         7.84653
  795        15.12964
  796         5.13738
  797         7.81245
  798        10.92936
  799        10.17711
  800        14.81084
  801         9.37670
  802         6.26682
  803        12.47850
  804        11.19648
  805        14.18474
  806        10.96919
  807         8.43230
  808         5.84021
  809        11.62781
  810         8.58611
  811         9.03300
  812         7.74840
  813         8.85108
  814         7.17558
  815        10.49025
  816        10.86027
  817        11.65620
  818        11.98035
  819        10.82704
  820        11.94236
  821         8.42691
  822        11.82562
  823        12.63284
  824        10.78163
  825         9.23145
  826         9.97310
  827         6.77732
  828         8.96942
  829         7.97581
  830        11.01686
  831         8.56823
  832         6.85619
  833        13.64857
  834        12.46920
  835         8.30305
  836        10.18862
  837         8.00157
  838         7.34246
  839         9.27782
  840         5.51923
  841         8.20833
  842        11.09002
  843         7.90954
  844         7.43684
  845         7.60445
  846        12.78403
  847         8.23529
  848         7.80570
  849        12.44426
  850         7.57575
  851         8.27564
  852         8.08687
  853        11.06982
  854         7.77895
  855        12.02775
  856        12.17300
  857        11.07425
  858         7.62037
  859         4.74383
  860         7.79834
  861         8.57242
  862         8.81148
  863        17.36456
  864        11.39759
  865         8.21978
  866         9.50194
  867        10.23206
  868         9.79457
  869         9.30569
  870        12.41980
  871         8.06637
  872         9.76448
  873        15.46947
  874         9.75631
  875         7.15938
  876         9.40338
  877        11.72000
  878         9.05099
  879         9.20409
  880         8.24232
  881        11.38665
  882         9.34522
  883        11.19097
  884        11.34103
  885        13.61024
  886         8.09162
  887        15.51359
  888         8.42966
  889         9.13149
  890        11.69830
  891         6.63477
  892        10.29304
  893         9.89108
  894         7.45528
  895        11.19040
  896         9.99934
  897        17.49908
  898        18.92023
  899         7.35131
  900        11.87413
  901        12.30282
  902        18.44786
  903         6.71956
  904         6.99580
  905         7.17763
  906         6.90577
  907        12.36487
  908         9.20448
  909        10.56225
  910         9.22801
  911         6.71384
  912         9.34962
  913        11.85185
  914         7.42993
  915        10.41421
  916         7.83806
  917         9.50788
  918         7.38851
  919         8.85326
  920        18.71867
  921        13.39498
  922        11.24228
  923        11.30830
  924         6.99463
  925         6.76695
  926        11.08560
  927         7.89153
  928        13.91533
  929        11.75289
  930         6.67676
  931         9.29913
  932        10.68582
  933         6.51923
  934         8.88549
  935         5.88716
  936        14.37466
  937        12.80222
  938         7.14589
  939         8.74650
  940        10.72109
  941         5.94448
  942         7.48489
  943         8.90336
  944         9.85741
  945        10.87345
  946         7.35672
  947         6.68595
  948         9.37070
  949         6.12814
  950        12.54210
  951        10.38170
  952         9.14341
  953         8.35182
  954         9.54233
  955         7.49238
  956         5.97445
  957        11.93229
  958         8.47744
  959         8.14911
  960         8.75484
  961         7.91024
  962         8.10680
  963         9.03023
  964         8.20182
  965        10.87197
  966         7.05388
  967         8.30498
  968        12.26691
  969        11.93775
  970         7.83395
  971         7.37494
  972         5.96892
  973         8.54166
  974         9.82517
  975        11.66506
  976         7.54253
  977         7.92343
  978         8.13907
  979         7.53646
  980         7.26873
  981         9.31144
  982        14.74669
  983        11.63036
  984         9.62840
  985        11.37296
  986        10.61738
  987         8.25213
  988        11.19535
  989         7.36913
  990         9.26516
  991        11.48371
  992         7.59832
  993         6.34785
  994        10.03344
  995         6.80299
  996        11.05722
  997         7.37913
  998         7.13602
  999        13.55760
 1000         7.03261