#      772247959   -filetype ZipermE.out 
#
# QTL Cartographer v. 1.17e, 27 August 2003
# This output file (qtlcart.z3e) was created by ZMapQTL...
#
# It is 20:38:39 on Monday, 10 December 2018
#
#
#The position is from the left telomere on the chromosome
-window      10.00      Window size for models 5 and 6
-background      5      Background parameters in model 6
-Model           3      Model number
-trait           4      Analyzed trait [lin_a]
-cross         Ri1      Cross
#
#  Note that our Likelihood ratio test statistic compares two nested hypotheses
#  and is two times the negative natural log of the ratio of the likelihoods.  For example,
#  assume that  hypothesis H0 is nested within H1 and that they have likelihoods L0 and L1 respectively.
#  Then, the "Likelihood Ratio Test Statistic" is -2ln(L0/L1). 
#
#  Repetition    GlobalMax  -start  
    1        10.15905
    2        10.66304
    3         8.63507
    4         7.79891
    5        11.52655
    6        10.73468
    7         6.85905
    8        10.53512
    9         6.19401
   10         9.20233
   11         6.64221
   12        11.71378
   13         7.21180
   14         8.59605
   15         6.07611
   16         5.94246
   17        14.65362
   18         8.20065
   19         7.84479
   20        12.83965
   21        15.25992
   22        10.60349
   23         8.07067
   24         8.62098
   25        11.75923
   26         6.27290
   27         5.47464
   28         6.00982
   29         8.55292
   30        10.53950
   31        11.98001
   32         6.99487
   33         9.67388
   34        10.65850
   35         8.06348
   36         8.36363
   37         7.90056
   38         7.11068
   39         7.98247
   40         9.40028
   41         7.87913
   42        10.14637
   43         7.78774
   44         8.59505
   45         6.59015
   46        12.54681
   47        10.59253
   48        11.87405
   49        10.96840
   50        10.23387
   51         8.64914
   52         6.74384
   53        10.79649
   54         9.28487
   55        10.08421
   56         8.76157
   57        11.19448
   58        14.26619
   59        14.11581
   60         5.30947
   61        17.42429
   62         9.86056
   63         6.86592
   64        10.67271
   65         9.54795
   66         9.76397
   67         7.87404
   68        10.04239
   69        12.33079
   70         8.77379
   71         7.95688
   72        13.41942
   73         9.25695
   74        10.19442
   75        12.02138
   76         9.89194
   77         8.31013
   78         5.43304
   79         9.40973
   80         9.55765
   81        10.51095
   82        10.26227
   83        11.16201
   84         8.71846
   85         5.70359
   86         7.57910
   87        11.53571
   88         7.78595
   89        13.54243
   90         8.70764
   91         7.71652
   92         9.39644
   93         7.15910
   94        10.60776
   95         6.31146
   96         7.07840
   97        14.62899
   98         5.78159
   99        10.88744
  100         7.39299
  101         7.76352
  102        17.68778
  103        10.29982
  104         8.32217
  105         8.61187
  106        12.30706
  107         9.14330
  108        10.07668
  109         8.03454
  110        12.81576
  111         8.68385
  112         8.14656
  113        15.26531
  114         8.24553
  115        10.99169
  116         8.52056
  117         8.81182
  118         8.13455
  119         8.59459
  120        12.64802
  121         7.89103
  122        10.37650
  123         7.61730
  124         7.24253
  125        15.58698
  126         8.26441
  127         8.26596
  128         4.71398
  129         8.18311
  130         8.50822
  131         9.22427
  132         9.52839
  133         6.71153
  134        15.99307
  135        11.97780
  136         9.52001
  137        10.43546
  138         8.76143
  139         8.96364
  140        10.90847
  141        12.33115
  142         7.28959
  143        10.35807
  144         7.24079
  145         9.95253
  146         8.83016
  147        11.47442
  148         6.86825
  149         7.29457
  150         9.16837
  151         6.75483
  152         5.51593
  153         9.17178
  154         8.24087
  155        13.65547
  156         4.35133
  157        10.67578
  158        18.83235
  159        10.47265
  160         8.10659
  161        10.03940
  162         8.01771
  163         6.49099
  164         9.50386
  165         8.30234
  166        13.44377
  167        15.85606
  168        12.24134
  169         9.27004
  170         8.68052
  171        10.01223
  172         8.86687
  173        11.60812
  174         9.15418
  175         9.46803
  176        12.98871
  177         7.32058
  178        10.25953
  179         6.05551
  180        10.80886
  181         7.35191
  182        11.44439
  183        11.50496
  184        15.27171
  185         7.42700
  186         5.88622
  187        11.51303
  188        10.59044
  189         4.75278
  190        10.40025
  191         7.48572
  192        16.83213
  193         8.41099
  194        10.59067
  195        10.11724
  196         8.83922
  197         9.74642
  198         9.92391
  199        13.28935
  200        13.56350
  201         8.48514
  202        11.17374
  203        22.41073
  204        14.42295
  205         9.56294
  206         9.81713
  207        12.36131
  208         8.87840
  209         9.07223
  210        14.70107
  211        11.04175
  212         6.95889
  213         7.58389
  214         7.70750
  215        10.55064
  216         8.81582
  217         7.10749
  218         9.40464
  219        10.69498
  220         6.49668
  221         7.97010
  222         9.40660
  223         7.49960
  224         9.17333
  225         8.17498
  226        10.85602
  227         7.18427
  228        12.07254
  229         9.30829
  230         8.63927
  231         7.06194
  232        15.94599
  233         7.07885
  234        10.90022
  235         8.21616
  236         8.79619
  237         8.59666
  238         8.81849
  239        10.43117
  240         8.17209
  241         8.09860
  242         9.46714
  243         7.90342
  244        10.50645
  245         9.30921
  246         9.28133
  247         6.52770
  248        12.43930
  249        12.05420
  250         7.84565
  251         9.90339
  252         6.66541
  253         7.73760
  254         8.19793
  255         7.42475
  256         7.94220
  257        12.51530
  258        12.25714
  259        10.92433
  260         7.82517
  261        10.25959
  262         9.14861
  263        12.38991
  264        10.71725
  265         9.83041
  266         9.50210
  267         7.48390
  268         7.42237
  269        13.96782
  270         8.15893
  271         7.98375
  272         6.84514
  273         9.82042
  274         8.81823
  275         7.14538
  276        13.65872
  277         7.22599
  278         7.33014
  279        15.96460
  280         8.48419
  281         8.44132
  282         8.17908
  283        12.51173
  284        10.86005
  285        12.79798
  286         6.75333
  287        13.83692
  288        10.36237
  289        11.83131
  290         9.10507
  291         5.82136
  292         7.92902
  293        10.98860
  294        20.06284
  295        13.26130
  296         8.11417
  297        12.42900
  298        10.31784
  299        14.25555
  300        11.08532
  301        13.17682
  302         9.07808
  303         8.81217
  304        10.36077
  305         9.50128
  306         9.87329
  307        12.39439
  308         9.41992
  309        10.42537
  310        10.08035
  311         8.81624
  312         5.76284
  313         8.23355
  314         9.91026
  315        11.15519
  316         8.40199
  317         8.23422
  318        17.63819
  319         9.12804
  320         7.69595
  321        11.43257
  322         8.99391
  323         5.40237
  324         8.06218
  325        11.95196
  326        14.46245
  327        10.88408
  328        13.07817
  329        15.92485
  330        12.94125
  331         6.73515
  332        11.92826
  333        17.52095
  334         9.14674
  335        11.33471
  336         9.17300
  337        16.55475
  338        18.47347
  339         9.03764
  340        15.35779
  341        10.17024
  342        13.69764
  343        10.68596
  344        10.79529
  345         5.50590
  346         6.28572
  347        11.41621
  348        20.34045
  349         5.67868
  350        12.92266
  351         9.91323
  352        17.25045
  353        11.92803
  354         9.94207
  355         9.37221
  356         6.65156
  357        12.71912
  358         6.89554
  359        10.09452
  360         8.80732
  361         6.23954
  362         6.88699
  363        11.07965
  364         6.66628
  365         6.65855
  366        13.80388
  367        11.65821
  368        20.06097
  369         7.89079
  370         8.76745
  371         6.93667
  372        11.35356
  373         7.11402
  374        10.91889
  375         6.97891
  376        11.77725
  377         8.88148
  378         7.80770
  379         6.79078
  380         8.68009
  381        10.40570
  382         8.89345
  383         8.78911
  384        12.12794
  385        10.56760
  386         8.24822
  387         9.91288
  388        10.32491
  389         8.23831
  390        12.17936
  391        12.35230
  392         6.49080
  393        16.62753
  394        13.61860
  395         9.63305
  396         8.79135
  397         7.58677
  398        11.29404
  399         8.69894
  400        10.86075
  401        10.01443
  402         9.55513
  403         9.74369
  404        15.07983
  405         8.45411
  406        10.52286
  407        10.06096
  408         8.51943
  409        11.75699
  410        12.66852
  411         6.22045
  412        10.75290
  413         9.68365
  414        11.36091
  415        11.19550
  416        17.53618
  417         8.94379
  418         9.45024
  419        16.29372
  420        12.22366
  421         9.05203
  422        12.97775
  423        10.17759
  424        10.05983
  425        16.70339
  426        14.24529
  427        14.28860
  428        10.02011
  429         8.40859
  430         7.70577
  431         7.69516
  432        12.60917
  433        12.61627
  434         8.86304
  435        11.59716
  436         4.97475
  437        15.00260
  438         7.08202
  439        14.91827
  440         8.38824
  441         9.91109
  442        10.84717
  443        11.33610
  444         8.47044
  445         7.01566
  446         7.15619
  447         7.36695
  448         7.95050
  449         9.92424
  450         9.51558
  451         7.49798
  452        10.82367
  453         7.66550
  454        10.84036
  455         9.71514
  456         6.50605
  457        11.78566
  458         8.87137
  459         8.95315
  460        10.96127
  461         8.11080
  462        11.01500
  463         9.83205
  464         9.29457
  465        10.64093
  466         8.94506
  467        14.52790
  468        12.36398
  469        10.75883
  470         8.69809
  471        13.27933
  472        10.26520
  473         5.74133
  474        11.60227
  475        14.62048
  476        11.16010
  477         9.58358
  478         6.86893
  479        10.13674
  480        10.36711
  481        10.70014
  482        10.90551
  483         5.81138
  484         9.64811
  485        10.92093
  486        12.15316
  487        13.58044
  488         9.39938
  489         9.08989
  490        10.59459
  491        15.21924
  492        16.62485
  493         7.37772
  494        10.58135
  495        10.42566
  496         6.62903
  497         9.14653
  498         5.77678
  499        10.61883
  500        14.19583
  501         6.49305
  502         7.58191
  503         9.71752
  504        10.26561
  505        10.67193
  506         8.26428
  507        16.64589
  508        11.63981
  509         9.39960
  510        10.94502
  511         8.53815
  512         7.88529
  513         8.52604
  514        10.90676
  515        10.95404
  516        10.54869
  517         6.01390
  518        13.80197
  519        14.28830
  520         7.43278
  521         7.77209
  522         9.93220
  523        12.15832
  524         9.76651
  525        13.09612
  526         6.74675
  527         9.03175
  528        12.62664
  529        14.69098
  530         7.92093
  531        10.12927
  532         7.12432
  533        12.33578
  534         9.94568
  535        12.98948
  536         9.68811
  537        10.63899
  538         9.69130
  539        11.33418
  540        12.94979
  541         9.04917
  542        13.71263
  543         9.55784
  544         9.06155
  545         7.62193
  546        11.31540
  547         8.74832
  548         9.07437
  549        17.79141
  550        14.00907
  551         7.39317
  552        17.47931
  553         5.90955
  554         7.13532
  555         7.36208
  556        10.92124
  557         8.41476
  558         8.40850
  559        10.86080
  560        16.27228
  561        11.41041
  562        10.82060
  563         8.83257
  564        16.97776
  565         8.16948
  566        13.94613
  567         8.94867
  568        10.38995
  569         8.20800
  570         9.11117
  571         8.20668
  572         6.06646
  573        10.19551
  574         9.30867
  575        12.43961
  576        18.65571
  577         7.13762
  578        11.36521
  579        11.91416
  580         8.45428
  581         9.83248
  582         7.80269
  583        22.82526
  584         6.54166
  585        13.15774
  586         7.64503
  587         9.80044
  588         8.49544
  589        12.79657
  590        13.80058
  591        10.78725
  592         7.34385
  593         9.63566
  594         7.27319
  595         8.14013
  596         7.85392
  597        16.50034
  598         8.65325
  599        10.38427
  600         9.12079
  601         6.49320
  602        10.19426
  603         7.66082
  604         9.91584
  605         9.62275
  606        13.84127
  607         8.06701
  608         7.40786
  609         8.80905
  610        10.00842
  611        10.51500
  612         9.81811
  613         8.14629
  614        14.25881
  615        11.83162
  616         9.80040
  617         7.86197
  618         6.83290
  619        11.86465
  620         9.11504
  621        10.03143
  622        10.18138
  623        10.59367
  624         6.92003
  625         9.14993
  626         9.37334
  627         7.34452
  628         9.27767
  629         7.67590
  630        15.39580
  631         9.92481
  632        11.36704
  633         7.56988
  634        10.21222
  635        13.90312
  636        11.74290
  637        10.56841
  638         8.70326
  639         6.94912
  640         6.87298
  641        19.39122
  642        11.56590
  643         6.18301
  644         7.87551
  645         8.27196
  646         8.66615
  647         7.20575
  648         6.14220
  649         8.21277
  650        13.47558
  651         7.94069
  652         7.74807
  653         6.38672
  654        11.25260
  655         8.77435
  656        11.18792
  657         9.41572
  658         7.30437
  659         8.21110
  660         7.32663
  661        11.79790
  662        10.87390
  663        15.78504
  664         8.87661
  665         9.44714
  666         6.94412
  667         8.42677
  668         8.57433
  669        10.93317
  670         8.31205
  671         6.78003
  672         7.47528
  673        17.85351
  674         9.57575
  675        16.35096
  676         8.03035
  677         8.51984
  678         8.86044
  679        12.08988
  680         8.97455
  681         8.94674
  682         9.32457
  683         9.94522
  684         8.89892
  685        10.88989
  686        10.41340
  687        13.57767
  688        18.49258
  689         9.27056
  690         9.98707
  691         8.72842
  692        14.28243
  693         6.70199
  694         6.05760
  695        16.68111
  696         9.94592
  697        15.64912
  698        10.99680
  699         6.69400
  700        11.20836
  701        10.12684
  702         6.86673
  703        13.51712
  704         6.96018
  705        10.63278
  706         8.25920
  707        13.87132
  708        12.49326
  709        12.54968
  710         9.40225
  711         7.87273
  712         9.08688
  713        11.15166
  714         9.59602
  715         9.50624
  716        13.47514
  717         6.92993
  718        10.70429
  719        18.16263
  720         9.45486
  721         9.71454
  722         7.72661
  723         7.34257
  724        12.52261
  725        17.83279
  726         7.65112
  727         6.76136
  728         8.56997
  729         8.92225
  730        11.00506
  731         7.20023
  732         9.10939
  733         6.59523
  734        10.61671
  735         5.62216
  736         9.34567
  737        10.31425
  738         8.83741
  739        16.20134
  740         5.93987
  741        10.65351
  742        12.37096
  743         8.49873
  744         6.43205
  745        13.81001
  746        20.40498
  747        10.70673
  748         6.82905
  749         7.98773
  750         8.97273
  751        12.04384
  752        11.34850
  753         8.83084
  754         9.13643
  755        13.44596
  756         5.19187
  757         8.74463
  758         6.40013
  759        11.33756
  760        12.26427
  761         9.66882
  762         9.86324
  763         9.97857
  764         8.39947
  765         9.11932
  766         8.40997
  767        11.02865
  768        10.66563
  769         5.91526
  770         8.23350
  771        11.17316
  772        10.70200
  773         8.44984
  774        11.03577
  775         8.62737
  776        14.82954
  777        10.62722
  778         9.29902
  779         7.44328
  780         7.24934
  781         7.52190
  782        12.84756
  783         5.41195
  784         5.49920
  785         7.29878
  786        10.41558
  787         8.89643
  788         7.37805
  789         7.19728
  790         9.33529
  791        10.13751
  792         8.73856
  793         8.92379
  794        10.98503
  795         6.02267
  796        10.82365
  797        12.41602
  798         8.61517
  799         6.89538
  800         6.72312
  801         9.02857
  802         9.50529
  803         7.62811
  804         6.83786
  805        16.86052
  806         9.73655
  807         8.68700
  808         7.33813
  809        10.03705
  810        10.32711
  811         7.69700
  812         8.08106
  813         9.05229
  814         7.01563
  815        11.60668
  816         8.78469
  817         8.90473
  818        10.44044
  819        13.35011
  820         7.36794
  821        10.61033
  822        10.09845
  823         8.31330
  824         7.70347
  825        10.65566
  826         6.34110
  827        10.05249
  828         6.34824
  829         6.14929
  830         6.95308
  831        11.99521
  832        10.20166
  833         8.60435
  834         7.11622
  835         8.46914
  836        10.01979
  837        12.04927
  838         9.47042
  839        11.04509
  840         8.05823
  841         9.95294
  842        10.55895
  843         9.14055
  844        13.70092
  845         7.31191
  846         9.75560
  847        10.83826
  848        11.02771
  849        11.08802
  850        10.15881
  851         8.77758
  852        13.86470
  853        11.58286
  854        15.26717
  855        11.24332
  856         6.40944
  857         8.39704
  858         6.59138
  859         9.01188
  860         9.81653
  861         9.66829
  862        11.43990
  863         9.40919
  864        11.16933
  865        22.56271
  866        11.31368
  867         6.96609
  868         7.32618
  869         9.56796
  870        11.25624
  871         7.41235
  872        11.36928
  873        10.12581
  874        16.06132
  875         8.03108
  876        12.72136
  877         9.40719
  878         7.22257
  879         8.36575
  880        13.09956
  881         6.64013
  882         5.74977
  883        10.06693
  884        13.07113
  885         5.67817
  886        15.37135
  887         9.28158
  888        11.44243
  889         8.08711
  890         7.65455
  891         8.71660
  892         8.06913
  893         8.82265
  894         7.34981
  895        11.84503
  896         7.98860
  897         7.33296
  898        12.30837
  899         9.51605
  900         9.88711
  901         6.02490
  902         7.08628
  903         9.02053
  904        10.36529
  905        12.14931
  906         7.54052
  907        10.88133
  908        10.66955
  909        11.83006
  910         9.03572
  911         6.47125
  912         9.18238
  913        11.28291
  914         7.20061
  915        14.75678
  916         7.79341
  917         9.29470
  918         5.68142
  919        11.17132
  920        10.43775
  921         8.14416
  922        12.09642
  923         8.90489
  924         8.99597
  925         9.07216
  926         8.76378
  927         9.68876
  928         6.76653
  929         8.34980
  930        15.02806
  931        12.10784
  932         8.72693
  933        10.19145
  934         6.84574
  935        10.35492
  936         9.62280
  937        13.68386
  938         8.45540
  939        10.14304
  940         7.53033
  941        13.66806
  942         8.55491
  943         9.83934
  944         5.18206
  945         8.57213
  946        12.43243
  947        10.45580
  948        12.02667
  949        18.56586
  950         8.52542
  951         9.33358
  952         4.70257
  953        13.08825
  954        11.14376
  955         9.76193
  956         7.77878
  957        12.77973
  958        13.95253
  959        14.55163
  960         9.52305
  961        10.75589
  962        11.43503
  963         7.66091
  964         8.33907
  965         9.28882
  966         8.52888
  967        23.45092
  968        10.31040
  969         6.90177
  970        11.25078
  971         8.11005
  972        11.66571
  973        10.20423
  974        18.40985
  975        10.03707
  976        17.11787
  977         7.21162
  978         7.68657
  979        11.20968
  980        10.89889
  981        13.50550
  982         7.18154
  983        10.80849
  984         9.67850
  985         9.67622
  986         7.98349
  987        11.63102
  988        16.51254
  989         5.26163
  990         8.08141
  991        11.85410
  992        11.15660
  993         9.80559
  994         7.24163
  995        13.22896
  996         5.64521
  997        15.04753
  998         7.65781
  999        12.14419
 1000         9.20496