#      772252738   -filetype ZipermE.out 
#
# QTL Cartographer v. 1.17e, 27 August 2003
# This output file (qtlcart.z3e) was created by ZMapQTL...
#
# It is 23:17:56 on Monday, 10 December 2018
#
#
#The position is from the left telomere on the chromosome
-window      10.00      Window size for models 5 and 6
-background      5      Background parameters in model 6
-Model           3      Model number
-trait           6      Analyzed trait [lin_rsq_t]
-cross         Ri1      Cross
#
#  Note that our Likelihood ratio test statistic compares two nested hypotheses
#  and is two times the negative natural log of the ratio of the likelihoods.  For example,
#  assume that  hypothesis H0 is nested within H1 and that they have likelihoods L0 and L1 respectively.
#  Then, the "Likelihood Ratio Test Statistic" is -2ln(L0/L1). 
#
#  Repetition    GlobalMax  -start  
    1         6.90556
    2        10.91259
    3        10.67606
    4        17.55672
    5         8.44288
    6         7.10879
    7         9.76684
    8        11.05894
    9        10.11470
   10        11.44722
   11        14.71440
   12        12.14163
   13        13.20249
   14         9.42695
   15         7.42733
   16         7.19689
   17         7.68532
   18         8.83080
   19         7.03515
   20        15.40945
   21        12.60846
   22         7.27209
   23         5.53616
   24        10.87797
   25         9.05855
   26         8.64826
   27         8.29317
   28         6.31577
   29        10.53094
   30        12.55549
   31         8.89391
   32         6.00038
   33         9.63600
   34        12.13223
   35         7.17225
   36         7.03709
   37         9.37016
   38         7.08853
   39        10.51459
   40         8.92831
   41         6.83935
   42         7.51211
   43        11.77336
   44        10.71332
   45         8.81968
   46         8.40522
   47        11.01027
   48         7.65668
   49         7.48474
   50        15.10381
   51         9.78054
   52         7.45940
   53        13.72945
   54         8.20595
   55         7.19332
   56        12.26949
   57        10.78124
   58        11.63529
   59        11.94732
   60         7.07795
   61        13.03209
   62         6.38662
   63        10.58454
   64         8.03115
   65        10.42974
   66         8.78258
   67         7.35518
   68         8.94755
   69         8.75589
   70        15.74847
   71        10.78964
   72         5.80477
   73         9.68913
   74         7.49042
   75        13.48711
   76         8.83693
   77         6.33920
   78        11.26535
   79        11.29096
   80         6.13590
   81        11.32554
   82        10.05732
   83        15.83718
   84        11.56434
   85         7.46204
   86         8.54026
   87        10.65932
   88        11.73161
   89         9.25881
   90         8.51425
   91         5.41835
   92        10.55039
   93         9.12317
   94        10.25976
   95         7.27787
   96         9.29711
   97         8.08755
   98         7.47696
   99        13.07405
  100         7.31495
  101         8.94199
  102         8.40224
  103        18.67677
  104         7.37487
  105         8.89362
  106        10.04179
  107         7.42472
  108         6.10966
  109        15.33171
  110         6.86569
  111        12.36593
  112         6.78396
  113        10.25900
  114         6.02728
  115         7.40656
  116         9.70850
  117         8.85836
  118        11.88193
  119        11.38947
  120         4.66142
  121         9.67528
  122         6.50964
  123         6.26491
  124         7.29997
  125         6.26897
  126        17.91275
  127        10.02185
  128         7.38202
  129        11.35880
  130         8.59579
  131         8.45241
  132        11.20443
  133         6.92711
  134         7.59173
  135        14.31074
  136         5.89187
  137         9.81254
  138        11.50574
  139         6.29982
  140         9.11777
  141         9.90847
  142         8.24503
  143         8.97498
  144         6.61481
  145         8.04397
  146        10.70016
  147        10.26922
  148         9.45727
  149         7.66184
  150         7.76651
  151        12.14557
  152        14.78766
  153        11.81835
  154        12.59159
  155         6.88457
  156         8.74460
  157         6.53089
  158         5.21140
  159         7.86899
  160        10.01239
  161        10.04407
  162         9.12612
  163        11.56318
  164         9.34001
  165         5.94575
  166         9.87844
  167         6.89473
  168         6.99440
  169         5.73724
  170        10.67645
  171         7.27323
  172        11.13188
  173        10.76176
  174         5.97134
  175         6.39542
  176        11.68643
  177         7.90745
  178         9.57971
  179        13.67504
  180        16.32357
  181         7.28893
  182        12.31714
  183         5.90679
  184         8.44030
  185        13.35192
  186        23.58242
  187        11.05357
  188        19.95260
  189         8.51376
  190         5.79258
  191        18.87617
  192        10.84540
  193         4.36675
  194        10.62585
  195         9.59658
  196        10.93222
  197        10.18135
  198         8.98529
  199         8.58891
  200         7.40974
  201        10.26255
  202        10.23100
  203         8.04446
  204         7.18424
  205        10.24941
  206         8.54252
  207         7.88307
  208         9.17073
  209         7.27887
  210         8.04231
  211         9.82684
  212        10.42418
  213         6.89879
  214        11.19656
  215         5.84422
  216         9.62226
  217        12.99122
  218        10.94889
  219         8.90778
  220        10.48727
  221         9.78684
  222         7.94968
  223        11.30757
  224        10.17378
  225        10.95251
  226         9.42455
  227        10.72038
  228         7.00096
  229         6.10319
  230        10.42943
  231        18.99567
  232         7.45764
  233        12.45574
  234        10.68591
  235         8.12960
  236         9.38870
  237         9.42411
  238         7.76217
  239         9.87822
  240         8.95715
  241        10.77737
  242        11.59161
  243         7.67874
  244         7.18354
  245        11.27364
  246        13.05911
  247        11.44426
  248         7.67321
  249         4.91590
  250         7.95396
  251        10.25792
  252         6.61696
  253        11.83699
  254         9.48467
  255         9.29416
  256         9.60619
  257         9.79233
  258        10.70473
  259        13.26435
  260         5.53324
  261        11.15202
  262         7.66899
  263         9.02235
  264        10.18566
  265         9.19880
  266        14.37959
  267         7.22312
  268         8.36731
  269        11.31182
  270         8.97942
  271        12.46920
  272         8.14870
  273        11.62549
  274         6.54417
  275         8.54159
  276         9.34554
  277         8.47539
  278         8.67357
  279        12.38996
  280         9.48129
  281        10.27737
  282         8.08451
  283         7.73378
  284         8.09464
  285        12.28286
  286        10.96464
  287         8.59972
  288         8.54164
  289         8.87515
  290         7.49309
  291         8.08040
  292        10.68225
  293         9.77873
  294         9.19047
  295         7.64093
  296         7.51846
  297         8.33546
  298        11.19095
  299        10.63701
  300         8.95190
  301         7.68581
  302        11.21665
  303         7.71488
  304        11.61417
  305         6.83115
  306         8.91941
  307         9.08028
  308         7.91922
  309         7.63005
  310         8.42834
  311        12.40888
  312         8.60763
  313        12.40625
  314         8.71532
  315        10.63043
  316         7.66158
  317         9.61814
  318        16.42891
  319         7.10582
  320        10.21196
  321         5.68884
  322         8.28535
  323         8.69419
  324         7.59156
  325         9.80695
  326        12.44153
  327         9.92253
  328         8.20714
  329         7.47030
  330        11.38811
  331         6.02892
  332         9.46342
  333         8.96153
  334         8.33968
  335         8.81630
  336         8.64726
  337        18.82467
  338         9.73830
  339        12.09715
  340         4.68438
  341        10.46591
  342        11.00534
  343        12.28257
  344         8.63457
  345        10.41802
  346        12.00043
  347        11.91031
  348        10.94281
  349        14.22297
  350        10.08271
  351         9.21973
  352         7.97944
  353         6.11814
  354        10.97855
  355         7.17929
  356        13.20506
  357        12.02389
  358         9.88684
  359         7.65105
  360         6.90269
  361        13.93690
  362        11.88670
  363        12.70937
  364        11.37546
  365         9.89857
  366         8.75593
  367         6.09936
  368         7.61082
  369         9.82719
  370         6.73738
  371        10.36462
  372         9.51054
  373         9.28314
  374        11.57724
  375         9.12525
  376         8.19327
  377        16.34723
  378         8.43156
  379         8.51443
  380         7.83075
  381        11.51456
  382        11.73513
  383         7.66162
  384         8.35329
  385         9.02665
  386        17.16071
  387        15.56367
  388         7.90013
  389         8.87942
  390         5.89363
  391         6.65042
  392         8.35468
  393        12.08384
  394        10.30114
  395        12.01497
  396         7.22882
  397         8.69140
  398         9.20899
  399         5.94703
  400         8.56594
  401         8.99688
  402         9.99995
  403        16.15296
  404        11.41889
  405         8.97254
  406        15.93139
  407         7.94763
  408         9.89689
  409        10.26780
  410         7.52679
  411        14.04757
  412        11.51928
  413         9.82894
  414         7.64932
  415         8.53141
  416         8.23164
  417         8.17152
  418         8.85214
  419        10.01564
  420        11.15513
  421         6.95065
  422        10.05433
  423         9.91451
  424        15.48597
  425        11.33752
  426         8.45767
  427         6.06098
  428         7.34084
  429         8.86626
  430         6.70823
  431        14.58652
  432         6.74117
  433        10.02790
  434        17.77357
  435         8.87662
  436         8.71346
  437        10.94877
  438        14.38406
  439         9.28059
  440         9.82431
  441        13.31779
  442         8.40199
  443         7.20102
  444         6.74640
  445         8.49622
  446        12.82670
  447         8.78097
  448         9.31022
  449         9.14325
  450         6.75494
  451         5.71086
  452         5.64128
  453         9.12274
  454         9.83250
  455        10.26685
  456        10.37293
  457         9.30591
  458         9.77704
  459         7.70896
  460        12.16697
  461         8.06708
  462         5.76505
  463         9.14069
  464         7.54603
  465         5.55344
  466        10.95165
  467        10.65938
  468        10.98249
  469        12.34477
  470         9.61381
  471         9.24823
  472         8.36691
  473         9.97328
  474         7.55462
  475         7.36460
  476         9.17479
  477         9.96339
  478        11.02789
  479        11.48269
  480        17.00513
  481         9.52360
  482         6.17177
  483        10.79412
  484         7.89647
  485        10.86372
  486         7.86141
  487        11.90688
  488        11.26940
  489         8.09652
  490         6.82976
  491         7.79364
  492        17.60281
  493         8.68553
  494        13.43315
  495         8.44829
  496        10.70435
  497        12.30272
  498         6.48994
  499         8.54564
  500         8.40482
  501        13.19427
  502        10.45742
  503         9.30567
  504         7.05660
  505        10.61490
  506        13.37039
  507         8.61210
  508        11.94524
  509        11.05447
  510        12.45395
  511         8.96911
  512         9.43229
  513         6.98283
  514        17.04969
  515        17.65140
  516         7.16025
  517         8.28456
  518         7.39543
  519         7.12944
  520        20.11168
  521         7.18027
  522        15.67061
  523        10.03378
  524        19.09083
  525        18.01040
  526        13.70525
  527        10.32064
  528         7.50537
  529         8.46980
  530         5.96008
  531         7.77142
  532         9.67776
  533        17.18324
  534         8.57845
  535         7.05794
  536        14.57044
  537         7.21240
  538         7.73559
  539        13.71821
  540        15.11110
  541         8.12412
  542         8.66247
  543         6.57422
  544        10.61398
  545         6.01662
  546         9.04637
  547         8.93386
  548         7.24872
  549        10.31387
  550        14.58291
  551        10.83752
  552         7.04789
  553         8.59990
  554        14.50485
  555        11.35872
  556         8.28705
  557        10.56442
  558         8.33305
  559         6.54720
  560         7.74353
  561        14.80425
  562        12.87995
  563         7.05373
  564         7.23227
  565         8.66766
  566        11.54967
  567        10.63496
  568         6.07945
  569         7.26847
  570         7.61454
  571         7.33981
  572         9.05972
  573        10.82304
  574         8.96423
  575         9.96496
  576         7.75162
  577        10.94167
  578         7.52999
  579         9.66139
  580        11.05554
  581         7.46023
  582        10.36490
  583         8.38482
  584         8.57910
  585         8.53236
  586        11.51324
  587         8.25392
  588        10.81933
  589         7.20895
  590         7.50654
  591        12.02729
  592         7.49324
  593        10.65468
  594         7.54743
  595         9.21742
  596        14.74136
  597        11.03319
  598         5.45883
  599         8.50755
  600        12.19384
  601         7.95405
  602         9.58313
  603        13.53095
  604         7.71635
  605        10.00508
  606         8.97365
  607         6.41835
  608        10.92120
  609         8.37221
  610        17.21133
  611         7.48960
  612         6.58266
  613        12.56571
  614        10.15753
  615         8.40759
  616        11.97522
  617         6.58674
  618        12.48780
  619         6.13237
  620         9.36830
  621         9.31914
  622        19.64148
  623         8.57667
  624         6.98503
  625        10.23046
  626         9.30964
  627         7.80520
  628         8.12294
  629        11.57439
  630        11.81968
  631         9.66527
  632        12.84216
  633         7.58058
  634         5.64955
  635         7.45539
  636        11.17913
  637         9.67983
  638        14.37189
  639         8.25596
  640        16.03597
  641        13.65051
  642         8.41141
  643        15.90590
  644         9.49807
  645         5.56727
  646        11.02578
  647         5.80724
  648         8.64676
  649         7.53640
  650         7.60481
  651         8.86314
  652         6.92892
  653        10.26764
  654        10.58083
  655         8.60853
  656        12.92588
  657        10.94799
  658        16.44042
  659        11.87709
  660        10.83722
  661         8.71573
  662         9.40884
  663        10.98490
  664        11.43073
  665         8.70043
  666         9.67006
  667         9.37544
  668        13.48710
  669         8.87028
  670        15.09085
  671         8.44897
  672         9.61143
  673        10.40571
  674         9.38328
  675         8.51085
  676        10.21507
  677         9.19344
  678        11.89628
  679        11.11118
  680         8.13517
  681         8.39929
  682         8.20870
  683         9.53727
  684         5.72846
  685         9.59864
  686        14.89054
  687         7.65216
  688         5.39022
  689        11.94982
  690         9.74241
  691        11.98118
  692        12.67553
  693         8.28764
  694        15.36453
  695         8.65336
  696         9.43011
  697         7.30572
  698         8.42995
  699        17.20239
  700         9.30251
  701        14.29827
  702        11.83433
  703        13.12950
  704        13.17250
  705        10.31263
  706        11.93580
  707         5.82969
  708         8.10740
  709        10.27856
  710         5.79520
  711         9.64875
  712         6.96376
  713        10.16999
  714        14.12957
  715         8.99310
  716         7.80607
  717         9.69499
  718         7.02630
  719        10.00754
  720        10.02990
  721         6.86009
  722        26.38008
  723         9.89891
  724        13.31560
  725         7.71682
  726         6.51343
  727         5.00847
  728        11.53745
  729        10.65632
  730        10.63497
  731         8.32351
  732         8.82050
  733         9.74347
  734         6.63396
  735        10.83881
  736         8.40952
  737         7.26818
  738         8.37638
  739        10.73777
  740         7.70787
  741         6.97301
  742        11.30683
  743         6.36397
  744         9.39414
  745         8.86050
  746        13.34980
  747         7.07230
  748        14.81903
  749         8.01551
  750         8.22995
  751        14.04924
  752         5.64422
  753        10.78652
  754        10.94955
  755         9.47168
  756        10.68878
  757         9.19094
  758         8.32055
  759        10.50235
  760        12.77090
  761        11.29896
  762        15.66620
  763        14.19979
  764         7.79758
  765         7.65829
  766        10.34791
  767         9.75372
  768         6.77354
  769        10.44809
  770        10.42557
  771         8.16248
  772         8.70661
  773         5.87628
  774        13.03978
  775        11.42473
  776         9.83186
  777        10.15729
  778         9.74194
  779         6.86909
  780         9.06833
  781        10.34260
  782         7.75275
  783        10.81701
  784        11.83913
  785         6.68420
  786         7.29242
  787        11.79185
  788         6.85270
  789        10.66203
  790         7.36950
  791         7.20453
  792        12.42557
  793         6.20255
  794         7.61349
  795        10.33734
  796         7.31297
  797         4.75906
  798         7.49277
  799        10.42565
  800        14.10501
  801         8.36836
  802         7.73001
  803        11.70876
  804        12.36551
  805         8.72827
  806         8.61495
  807        10.86621
  808        16.50322
  809         6.93732
  810         7.84446
  811         7.38590
  812         8.84053
  813        13.48586
  814        15.42782
  815        14.12705
  816         7.48127
  817        10.22807
  818        10.54273
  819        16.34157
  820        11.04359
  821        14.14224
  822         8.69053
  823        10.04925
  824         7.51377
  825         9.61435
  826        17.73944
  827         7.26016
  828        11.01659
  829        15.13784
  830         8.84134
  831        11.65180
  832        11.60895
  833         5.91725
  834         7.19130
  835        10.38372
  836         7.38527
  837        14.35066
  838         6.61556
  839        10.41664
  840         9.70178
  841        15.99889
  842        12.29396
  843        10.18059
  844         7.21434
  845         9.53205
  846         9.87212
  847        13.33077
  848         7.94064
  849         8.25238
  850         5.82521
  851        12.69397
  852         9.21109
  853        10.32153
  854         7.75466
  855        21.70501
  856         6.81023
  857         6.72217
  858        11.87147
  859        12.04793
  860         8.77203
  861         5.07927
  862         7.75888
  863         9.47815
  864         7.47867
  865        16.19714
  866        14.58919
  867         9.24417
  868        13.43264
  869        10.79098
  870         7.32279
  871         7.02946
  872         9.28583
  873        10.03789
  874         6.59077
  875        11.49697
  876         7.72341
  877        20.93850
  878        14.87996
  879         7.57841
  880        16.13493
  881         7.67866
  882         9.26964
  883        10.38801
  884         7.71345
  885        11.90206
  886         8.75481
  887         9.96409
  888         7.48828
  889        10.45665
  890         8.14941
  891         5.45816
  892         8.88393
  893         9.56302
  894        13.00109
  895        12.66657
  896         9.98720
  897        14.89561
  898         8.34140
  899        13.10259
  900        11.55954
  901        12.22212
  902         6.11337
  903        12.77811
  904        13.43888
  905        16.49183
  906         9.60236
  907         7.40872
  908         8.66667
  909         9.85493
  910        13.28121
  911         6.11696
  912        13.22154
  913        12.07541
  914         7.24360
  915        10.42776
  916         9.13873
  917         8.16291
  918         7.35457
  919         6.55089
  920         7.47599
  921        11.56332
  922        13.13949
  923        15.86262
  924         7.05229
  925        10.12655
  926        20.35786
  927         8.38715
  928        12.65139
  929         9.63521
  930         9.36185
  931         7.65781
  932        11.50311
  933         5.82419
  934         7.20836
  935        10.58466
  936         7.75650
  937         6.89753
  938         6.19988
  939         6.49209
  940        15.24810
  941         9.78025
  942         7.08791
  943        15.50978
  944        13.48795
  945         8.25701
  946         6.07073
  947         5.77589
  948         8.15072
  949         7.45206
  950        13.80935
  951        13.28378
  952         9.64598
  953         9.88127
  954         8.01817
  955         7.52350
  956         5.84828
  957         8.90682
  958        14.04930
  959        18.23790
  960        12.09592
  961        12.25158
  962        11.12662
  963        10.34805
  964        17.67569
  965         9.05529
  966         7.32342
  967         8.28994
  968        15.12473
  969         7.38666
  970         9.52349
  971        10.87763
  972         9.63842
  973        12.56391
  974         8.98547
  975         7.98201
  976         9.69080
  977         9.36034
  978        11.32098
  979         9.13304
  980         6.74963
  981        11.38317
  982         8.35814
  983         9.02152
  984         4.42490
  985         8.40791
  986         8.56711
  987         8.56149
  988         7.98358
  989         5.69489
  990         8.16383
  991         9.21269
  992        12.17471
  993         8.73163
  994        11.01163
  995        10.90422
  996         7.51952
  997         9.09350
  998        11.09077
  999         6.17412
 1000         8.66114