#      772237463   -filetype ZipermE.out 
#
# QTL Cartographer v. 1.17e, 27 August 2003
# This output file (qtlcart.z3e) was created by ZMapQTL...
#
# It is 14:48:46 on Monday, 10 December 2018
#
#
#The position is from the left telomere on the chromosome
-window      10.00      Window size for models 5 and 6
-background      5      Background parameters in model 6
-Model           3      Model number
-trait           1      Analyzed trait [Avg_LA]
-cross         Ri1      Cross
#
#  Note that our Likelihood ratio test statistic compares two nested hypotheses
#  and is two times the negative natural log of the ratio of the likelihoods.  For example,
#  assume that  hypothesis H0 is nested within H1 and that they have likelihoods L0 and L1 respectively.
#  Then, the "Likelihood Ratio Test Statistic" is -2ln(L0/L1). 
#
#  Repetition    GlobalMax  -start  
    1         7.96141
    2        10.78280
    3        14.51695
    4        16.12266
    5        25.69494
    6         6.94552
    7        21.44722
    8        11.56892
    9        11.79366
   10        11.82460
   11        10.16271
   12         8.50103
   13         7.38211
   14         9.39054
   15        11.61772
   16         8.63365
   17         9.83469
   18         9.84491
   19         7.59274
   20         5.34930
   21         9.74184
   22         9.29645
   23        12.11636
   24        11.47200
   25         5.84565
   26         9.67874
   27         5.56360
   28         8.01386
   29         7.90965
   30         8.54248
   31        13.59495
   32        11.76111
   33        11.63954
   34        12.16082
   35        18.88161
   36        10.20296
   37         9.84818
   38         7.52612
   39         7.09773
   40         7.61054
   41         7.15190
   42         9.45174
   43        11.81961
   44         9.72223
   45        11.48028
   46         7.25283
   47        12.91480
   48        10.71205
   49         8.35521
   50        11.01313
   51         8.45329
   52         9.53948
   53        10.33603
   54        11.22428
   55         7.21743
   56        10.29886
   57         9.05079
   58         9.30375
   59         5.13025
   60        11.74256
   61         6.27457
   62        11.84841
   63         7.83913
   64        12.06137
   65         8.88798
   66         7.73417
   67         7.36876
   68         7.92167
   69        10.11560
   70        10.89718
   71        13.03214
   72        12.23034
   73         8.10418
   74         8.12985
   75         7.29730
   76         9.71880
   77        12.15856
   78         6.30490
   79         7.73039
   80         9.66952
   81        10.84537
   82         5.34247
   83        11.34719
   84         6.28951
   85        10.26792
   86        12.48008
   87        12.84546
   88         9.45239
   89         8.14268
   90         7.05750
   91        10.91116
   92        10.35516
   93         9.21620
   94        10.90124
   95         9.78498
   96         7.40773
   97        13.83568
   98         8.66918
   99         8.92537
  100        13.22251
  101        12.48294
  102        11.75946
  103         9.64581
  104         9.24643
  105         8.37923
  106         9.51743
  107         9.33190
  108         8.60196
  109        10.68467
  110        10.72747
  111         6.01526
  112        11.34059
  113         6.29207
  114         7.34176
  115         6.50251
  116         8.03158
  117        11.01557
  118         9.24169
  119        11.60078
  120         8.10701
  121         8.77728
  122         6.18646
  123        11.44831
  124         9.95096
  125         4.94185
  126        13.47945
  127        10.74292
  128         7.96025
  129        15.76870
  130        15.32831
  131        19.12961
  132        11.11267
  133         9.83977
  134         7.45960
  135         6.42357
  136         9.77650
  137         6.61907
  138         6.37365
  139         7.52565
  140         7.75953
  141         7.41640
  142         8.60761
  143         6.51924
  144        10.28857
  145        12.85293
  146        15.50535
  147         8.94723
  148        13.03077
  149         9.27923
  150         8.24132
  151         9.29056
  152         7.31030
  153         6.63342
  154         7.59939
  155         6.52046
  156        12.87182
  157        11.55438
  158         8.95134
  159         7.43283
  160         9.96825
  161         8.72986
  162        10.15824
  163         8.21893
  164        10.51650
  165        12.26093
  166        10.78376
  167         9.66538
  168        16.74476
  169         5.00263
  170        14.16549
  171        10.57743
  172         8.31852
  173         7.58948
  174         9.77382
  175        10.96465
  176         9.37964
  177         9.97651
  178         5.89046
  179        11.18651
  180         9.40894
  181        12.64692
  182        12.94313
  183        10.50625
  184        11.91896
  185        13.85954
  186         6.56532
  187         9.26089
  188         5.61635
  189         8.16970
  190        15.06793
  191         8.51859
  192        10.08400
  193         8.69566
  194         7.84992
  195         7.65001
  196        14.83319
  197        10.43202
  198         7.99268
  199        13.20031
  200        11.73124
  201         7.57283
  202        10.66335
  203         9.34606
  204        10.59206
  205        10.69779
  206        12.41975
  207         5.62479
  208         9.66950
  209        11.04480
  210        13.51933
  211        13.25294
  212         8.50212
  213        10.75667
  214        12.93107
  215        14.03526
  216         9.58234
  217        13.19825
  218        10.16270
  219        10.29706
  220         7.75840
  221         8.23739
  222         7.96119
  223         5.87866
  224        11.87691
  225        11.88993
  226        11.17396
  227        11.30218
  228         8.21849
  229         6.43949
  230        10.46141
  231         8.01640
  232        10.97524
  233         7.65225
  234        10.08380
  235         6.06264
  236         7.55449
  237         8.93060
  238         6.23875
  239         8.76678
  240        10.54250
  241        10.23211
  242        13.88216
  243         7.26364
  244         6.30471
  245        10.51583
  246         4.68187
  247         7.48018
  248         9.86093
  249         8.65882
  250         7.66415
  251         9.68321
  252         9.45131
  253         9.70867
  254        14.19278
  255         6.86155
  256         7.76343
  257         7.63557
  258        11.04919
  259        10.28192
  260         8.59364
  261        17.45506
  262         6.53655
  263        12.45231
  264        15.34958
  265        14.65932
  266         7.81891
  267         9.12801
  268         5.02419
  269        10.03557
  270         7.84001
  271        10.39832
  272         8.19643
  273        12.51965
  274        11.83461
  275         7.70063
  276         8.06015
  277         4.99656
  278        10.19221
  279         9.36123
  280         7.64137
  281         6.65681
  282        11.97529
  283         8.24432
  284        11.38852
  285         8.12543
  286        11.34431
  287         6.79627
  288        13.21955
  289         7.14158
  290        11.74425
  291        13.32836
  292         6.61542
  293         8.86503
  294         8.16410
  295         9.19137
  296         7.17426
  297         9.38245
  298        10.45057
  299        13.63337
  300        14.47235
  301        11.33381
  302         8.11175
  303        13.41619
  304        16.26634
  305        14.76322
  306        13.59515
  307         7.41666
  308        10.94639
  309        15.20060
  310         6.62454
  311        18.31137
  312         7.81071
  313         8.09348
  314         6.07584
  315        14.22556
  316        10.03604
  317        12.58986
  318        10.08348
  319         7.73234
  320        11.21301
  321        10.36467
  322         9.08238
  323        11.26447
  324        12.05765
  325        10.29022
  326         7.52468
  327         7.38064
  328         7.17632
  329         7.34331
  330         9.61017
  331        10.41485
  332         9.79763
  333        10.21595
  334         9.44467
  335         8.67650
  336        10.26078
  337         7.20209
  338        16.97175
  339        11.57717
  340         9.94145
  341         8.95898
  342         7.87028
  343         7.96786
  344         9.89813
  345         8.78273
  346         6.95337
  347         6.01812
  348         6.61909
  349        12.43295
  350         9.58018
  351         8.10343
  352         7.56123
  353        12.06133
  354        11.21241
  355         9.09327
  356        10.52730
  357         8.30986
  358         8.84212
  359        13.72634
  360         9.67872
  361        12.54308
  362         6.45878
  363        11.43092
  364         9.32857
  365         9.75535
  366         5.45845
  367        11.26081
  368         8.96095
  369         6.53003
  370        10.34193
  371         8.94092
  372         6.62975
  373        12.35340
  374        12.98423
  375         8.75268
  376        10.79462
  377        12.10646
  378         7.38054
  379        10.13112
  380        10.54013
  381        11.61790
  382         7.97111
  383         7.92891
  384         8.64569
  385         9.13795
  386         9.69570
  387        11.92329
  388         9.46580
  389         5.30457
  390         5.72207
  391        11.50861
  392         9.71778
  393         7.59181
  394         9.30294
  395        10.91880
  396         7.08317
  397         5.65053
  398         7.29899
  399         9.43359
  400        10.68407
  401         8.84772
  402         8.13353
  403         9.07996
  404        11.90569
  405         8.09671
  406         8.06831
  407        17.16441
  408        10.36574
  409        11.77296
  410         7.18526
  411         9.19867
  412        13.50893
  413         6.74592
  414        10.23936
  415         9.67831
  416         6.73543
  417         6.25062
  418        14.73044
  419        10.51457
  420         7.49831
  421         7.16443
  422         9.05972
  423         8.88863
  424         9.60955
  425        12.85696
  426         6.53356
  427         9.18758
  428         9.27490
  429         8.89244
  430        10.85310
  431        12.69070
  432        11.50681
  433         8.60210
  434         9.12469
  435         8.52969
  436         8.79622
  437         8.13165
  438         5.41724
  439         7.33396
  440        11.23102
  441         8.06819
  442        14.55233
  443        17.49758
  444        12.40219
  445         9.33427
  446         9.29091
  447        13.41087
  448         8.09334
  449        13.13892
  450         7.93703
  451         8.05452
  452         9.65383
  453        11.21011
  454         9.29397
  455         6.87168
  456        10.02978
  457         7.40500
  458        16.36713
  459        11.46719
  460         8.83828
  461         9.13154
  462        11.36540
  463         7.98183
  464        10.47742
  465        11.35611
  466         6.82224
  467        10.49906
  468         9.35586
  469         6.59525
  470         9.98315
  471         9.17028
  472         7.69952
  473        17.00809
  474         9.13195
  475        11.98573
  476         7.31985
  477        12.21253
  478        11.98416
  479         9.45403
  480         8.42263
  481        13.37220
  482        10.80336
  483         9.20637
  484         8.38486
  485        14.23776
  486         5.80922
  487         7.30159
  488         8.47541
  489         9.05599
  490        13.65509
  491         8.06657
  492         9.03063
  493         9.57198
  494         8.08006
  495        12.47282
  496        11.20210
  497        12.48695
  498        13.64274
  499         8.37350
  500         7.93735
  501        10.47600
  502        15.16384
  503        11.29455
  504         8.67592
  505        13.08413
  506         9.73465
  507         5.27924
  508        11.43142
  509        13.75711
  510         8.07103
  511         7.71742
  512         7.02882
  513         8.78145
  514        12.03710
  515        10.89802
  516        10.37862
  517         9.29931
  518         7.27493
  519        10.96870
  520        15.82463
  521         9.80336
  522         8.14969
  523        11.47284
  524        10.54574
  525        16.42513
  526        10.38790
  527         7.87839
  528         7.37711
  529        12.06787
  530        10.64095
  531         9.73012
  532        11.65990
  533         5.29563
  534         7.76927
  535         5.44813
  536         8.57367
  537        12.46488
  538         8.42921
  539         6.17098
  540        14.28446
  541        11.53038
  542         9.32121
  543         9.87616
  544         8.02931
  545        15.71763
  546         8.20258
  547         8.08442
  548         7.79690
  549        12.42645
  550        12.31235
  551         9.09588
  552         8.06855
  553        10.12035
  554         8.52310
  555        10.68910
  556         7.76607
  557        11.57951
  558        11.16345
  559         8.69204
  560        10.60805
  561         8.34544
  562         8.36806
  563         9.26134
  564        10.32473
  565         6.61680
  566         7.19451
  567         8.09308
  568         6.75181
  569         4.63443
  570         9.42795
  571        10.45305
  572        12.91382
  573        14.91115
  574        13.59402
  575         8.97185
  576         9.21216
  577        10.20198
  578         8.14631
  579        10.03626
  580         7.60413
  581        13.05232
  582        10.75369
  583         9.25950
  584        14.26571
  585         9.79344
  586         9.41302
  587        10.23054
  588        13.82487
  589         5.61210
  590         7.45514
  591         7.55458
  592        10.19020
  593        17.72179
  594         7.45044
  595        13.01445
  596        10.42034
  597         7.30176
  598         8.62156
  599         6.28821
  600         9.24699
  601        10.24984
  602         9.91296
  603         7.06071
  604         5.68789
  605         9.46065
  606         8.43750
  607        13.46557
  608        13.20834
  609        10.98532
  610         6.73133
  611         6.51712
  612        15.15789
  613         8.67325
  614         6.72709
  615         8.92247
  616         7.37427
  617         9.65114
  618        10.26688
  619         7.43620
  620         7.81533
  621         9.92030
  622         7.69488
  623         8.20268
  624         9.52077
  625        10.64141
  626        12.37741
  627         7.67307
  628        17.69536
  629         6.51040
  630         7.53424
  631         4.79508
  632         9.85964
  633        10.69452
  634         9.15063
  635         6.24871
  636        10.70839
  637         9.59092
  638         6.65745
  639        13.61221
  640        10.16326
  641        11.95714
  642         7.82902
  643        11.76344
  644         8.15305
  645         6.20428
  646         8.81704
  647        10.78547
  648         9.74640
  649         8.61196
  650        11.10632
  651         9.66542
  652        10.01420
  653         7.23418
  654        13.84817
  655         6.59150
  656         8.14749
  657        10.90638
  658        11.83978
  659        14.37156
  660        11.31221
  661         8.15458
  662         9.60459
  663        12.28366
  664         8.87849
  665        12.00109
  666         9.95236
  667         8.37059
  668        12.64006
  669        13.78543
  670        12.63093
  671         8.73909
  672         8.97543
  673         9.13668
  674        13.90076
  675         9.73851
  676        17.09901
  677         5.97236
  678        12.31056
  679         9.81959
  680         9.23285
  681         7.25679
  682         6.66195
  683         7.65109
  684        12.07304
  685        14.44834
  686         8.64234
  687        10.25283
  688         6.64798
  689         9.95572
  690         9.49853
  691        14.97851
  692         9.99160
  693         6.63142
  694         7.54099
  695         9.60643
  696        10.01354
  697         9.73181
  698         9.63915
  699        11.36752
  700         8.80197
  701         9.79071
  702        10.02267
  703        12.67257
  704         9.99021
  705         6.40793
  706        13.49646
  707         7.39672
  708         7.80245
  709        12.21996
  710        11.01207
  711         7.66345
  712         9.39350
  713         9.45009
  714         8.35142
  715        12.77504
  716         9.84605
  717        12.84536
  718        10.22017
  719         9.91329
  720        15.15803
  721         9.00103
  722        10.45391
  723         7.20263
  724        10.54770
  725        10.92961
  726        14.25861
  727         7.26888
  728        12.52233
  729        10.01832
  730        10.71065
  731        13.69498
  732         8.44965
  733         8.36466
  734         7.16297
  735         8.69490
  736        12.04346
  737        11.24855
  738         8.11224
  739         8.33501
  740        11.41318
  741         5.70690
  742        18.96454
  743        16.12514
  744         8.80866
  745        15.98664
  746        10.61985
  747         7.54728
  748        17.17741
  749        10.94851
  750        11.92069
  751         5.59812
  752         9.01873
  753        10.77796
  754        11.56112
  755         8.80423
  756        13.15893
  757         9.45873
  758         7.97114
  759         9.30320
  760        12.84242
  761         9.18661
  762        11.05730
  763        12.90598
  764        12.22353
  765        10.52727
  766        10.72718
  767         7.99378
  768         6.36602
  769         7.77741
  770         7.28010
  771        12.07922
  772         6.57035
  773        10.02530
  774        12.80494
  775         8.27918
  776         7.49247
  777        10.28924
  778         9.76318
  779         7.15650
  780         6.33177
  781         9.68316
  782         8.74779
  783        10.40654
  784         6.81852
  785         8.07981
  786         7.29380
  787         6.63514
  788         6.32666
  789         6.47569
  790         8.41919
  791         7.72451
  792         8.01422
  793        12.35324
  794         9.40574
  795         9.10582
  796         8.16689
  797        14.62652
  798        16.00567
  799        10.90611
  800         9.94717
  801        14.75469
  802         8.64878
  803        12.15602
  804        12.03826
  805        15.62518
  806         8.29014
  807         9.02499
  808        11.13089
  809        19.46025
  810         8.25931
  811        11.18217
  812         6.05303
  813         6.41563
  814         7.25351
  815        11.16541
  816        11.52457
  817        11.79655
  818        12.72138
  819         9.96142
  820         6.71265
  821        10.68274
  822        10.13184
  823        16.71485
  824        11.21726
  825        11.47591
  826        10.10087
  827        11.05657
  828         6.08587
  829        14.24841
  830         9.94886
  831        10.57060
  832        11.40488
  833         6.89260
  834         7.36102
  835         8.67927
  836         6.14055
  837         8.55247
  838        12.76398
  839        10.88883
  840         8.50493
  841         5.36365
  842        11.74585
  843         8.56427
  844         9.16588
  845         8.32920
  846         8.86759
  847         8.33888
  848        11.17725
  849         6.76998
  850         8.62852
  851        10.53518
  852         9.89746
  853         8.76263
  854         6.65538
  855        10.64871
  856        10.41937
  857        11.60712
  858        10.51248
  859        11.09815
  860         3.90962
  861         7.80305
  862         9.06519
  863        10.67659
  864         8.42018
  865        10.81993
  866         8.77640
  867         6.77201
  868         6.91762
  869        10.95210
  870        12.63766
  871        11.51697
  872         8.82044
  873        12.57944
  874        11.39904
  875         5.35635
  876        11.68577
  877         8.70545
  878         6.84041
  879         7.92205
  880        10.63098
  881        11.39407
  882        13.64689
  883         9.90910
  884         9.68795
  885         6.71270
  886         9.48760
  887         8.93203
  888        12.28166
  889        12.05254
  890        10.52654
  891        10.98427
  892        11.68354
  893         9.65171
  894         8.32950
  895         7.75518
  896         8.12399
  897        10.30665
  898         9.34394
  899        17.41175
  900         9.78881
  901         7.96213
  902         7.79767
  903         7.56338
  904         7.18816
  905        14.99639
  906         7.80076
  907        14.93684
  908         5.62696
  909         8.80412
  910         7.20365
  911         7.92937
  912        10.21326
  913         6.83200
  914         9.98289
  915         8.69106
  916        10.54077
  917         9.15214
  918        11.79137
  919        18.01604
  920        12.13345
  921        17.50920
  922         8.85351
  923        10.91381
  924        14.15007
  925         9.94459
  926        12.80457
  927        12.48804
  928         7.20746
  929         9.45984
  930        17.71450
  931         9.29234
  932        11.89448
  933         8.73426
  934        13.02690
  935         6.23043
  936        11.79060
  937         8.52163
  938         8.84792
  939         8.84013
  940         7.38445
  941        11.83185
  942         9.21380
  943        12.84756
  944         8.06034
  945        10.32882
  946        11.82195
  947         9.90299
  948        18.17610
  949        10.13768
  950         6.75111
  951        16.37600
  952         5.70557
  953        10.79685
  954        11.03741
  955         7.23506
  956        11.51511
  957         7.20553
  958         8.49068
  959         6.77626
  960         7.59356
  961         9.57271
  962         7.28888
  963         6.54019
  964        10.31263
  965         6.87091
  966        10.28507
  967         5.89505
  968         8.63670
  969         9.22580
  970         9.93663
  971        11.12744
  972         6.92307
  973        10.80593
  974        11.09373
  975        10.77728
  976        12.79724
  977         9.20740
  978        13.96160
  979        11.39066
  980         8.11510
  981         7.43572
  982         9.80959
  983         7.10876
  984        12.17649
  985        10.89570
  986         8.64427
  987         8.38483
  988        13.57667
  989         8.39516
  990        12.28646
  991        11.11609
  992        15.14665
  993         9.04137
  994         7.76438
  995        16.19535
  996         9.08401
  997        13.26173
  998        10.52267
  999        11.82834
 1000         8.30462