#      772251399   -filetype ZipermE.out 
#
# QTL Cartographer v. 1.17e, 27 August 2003
# This output file (qtlcart.z3e) was created by ZMapQTL...
#
# It is 22:33:18 on Monday, 10 December 2018
#
#
#The position is from the left telomere on the chromosome
-window      10.00      Window size for models 5 and 6
-background      5      Background parameters in model 6
-Model           3      Model number
-trait           5      Analyzed trait [lin_b1]
-cross         Ri1      Cross
#
#  Note that our Likelihood ratio test statistic compares two nested hypotheses
#  and is two times the negative natural log of the ratio of the likelihoods.  For example,
#  assume that  hypothesis H0 is nested within H1 and that they have likelihoods L0 and L1 respectively.
#  Then, the "Likelihood Ratio Test Statistic" is -2ln(L0/L1). 
#
#  Repetition    GlobalMax  -start  
    1        10.28100
    2         7.67242
    3        13.81836
    4         7.30302
    5        10.17275
    6        13.18233
    7         7.68240
    8         9.59745
    9         8.65678
   10        17.21223
   11         8.60561
   12        10.71099
   13        10.64687
   14         8.65435
   15         6.50516
   16         7.07869
   17         7.18406
   18        12.02690
   19         7.39486
   20         8.63222
   21        16.53676
   22         6.09010
   23        11.85634
   24        16.32821
   25         7.98137
   26         7.48157
   27        10.85909
   28        13.16063
   29         9.18770
   30         9.27400
   31        12.21596
   32        11.55242
   33        10.58160
   34         6.19983
   35        16.54363
   36         8.53889
   37        13.59863
   38        17.47871
   39         9.09976
   40         7.46147
   41        13.51705
   42        10.36594
   43        10.42309
   44         8.23682
   45        13.13122
   46        12.25739
   47        15.90487
   48        11.19347
   49         9.65554
   50        11.50209
   51         6.73189
   52        10.17673
   53        13.66818
   54         8.09560
   55         6.04692
   56        11.19705
   57         7.33704
   58         8.47254
   59         8.97243
   60         6.12694
   61         7.16736
   62         6.77945
   63        11.79618
   64        11.34243
   65         7.96010
   66        15.37495
   67         8.80019
   68        10.39420
   69         7.47419
   70         8.58446
   71        11.05006
   72        14.31984
   73         9.48418
   74        15.97521
   75        12.37830
   76        13.13863
   77         7.86610
   78         7.67068
   79         7.54714
   80        10.59781
   81         5.54260
   82         9.63590
   83        12.22572
   84        14.45239
   85        15.59316
   86         6.65833
   87        10.43195
   88         9.62969
   89        13.14995
   90         6.88200
   91         7.25257
   92        16.39394
   93        10.89221
   94        11.38141
   95        18.22956
   96         8.32940
   97         9.64895
   98         9.87121
   99         5.75003
  100         6.75376
  101         9.08165
  102        16.61332
  103         9.03983
  104        10.60597
  105         6.99962
  106         7.60213
  107        12.48752
  108         8.53048
  109        10.74220
  110         4.77217
  111         9.18524
  112        10.99897
  113         9.53284
  114        17.86228
  115         7.11945
  116         9.69377
  117         7.60313
  118         9.04435
  119        12.21757
  120        11.01244
  121         8.92826
  122        12.18632
  123         9.35828
  124        16.09480
  125         8.69457
  126         8.64470
  127        10.39779
  128         9.57102
  129         6.98065
  130        10.78658
  131        15.66585
  132         9.43936
  133        10.36548
  134        16.13092
  135         9.84905
  136         9.93826
  137        10.34383
  138         5.30638
  139        10.50215
  140        13.51666
  141         9.01959
  142         7.33378
  143        11.88058
  144        11.46364
  145        14.31450
  146         8.07149
  147        17.96989
  148        13.13277
  149        11.00142
  150        13.38312
  151        12.82687
  152         6.85766
  153         8.85994
  154        12.12095
  155        10.21839
  156        11.08969
  157         9.86416
  158        12.70183
  159         9.79480
  160         5.60265
  161         8.04053
  162         6.75234
  163         6.47808
  164         6.23872
  165         6.25595
  166         8.91037
  167         7.94337
  168         7.27153
  169        17.09622
  170         8.47581
  171        11.33570
  172         8.86170
  173         9.49481
  174        11.78319
  175         6.85732
  176        13.25274
  177        10.66850
  178         9.37563
  179         9.18084
  180        14.48389
  181         8.19455
  182         9.05832
  183        12.47591
  184        10.89445
  185        10.47155
  186         9.00881
  187        17.91521
  188        14.58663
  189        11.97612
  190         6.93965
  191        13.42608
  192        13.82433
  193         8.57289
  194        15.43292
  195        11.70657
  196         7.59993
  197         5.24789
  198         8.06833
  199         7.09623
  200        15.97514
  201        11.54026
  202         4.35435
  203         9.38822
  204         7.03911
  205        17.43698
  206        12.60737
  207         8.32653
  208         8.57952
  209         7.65322
  210         8.38206
  211         9.04528
  212        11.14283
  213         7.50741
  214        10.58920
  215         9.44664
  216        10.80499
  217        11.33311
  218         8.04988
  219         9.75023
  220         8.10489
  221         9.60537
  222        10.49918
  223         7.76911
  224        10.50764
  225         8.71182
  226         9.94117
  227        13.20180
  228         7.00038
  229         8.06666
  230        10.37310
  231         9.10272
  232        15.31982
  233        11.02152
  234        18.37540
  235        11.29568
  236        12.81669
  237        11.11980
  238        12.27074
  239         6.80516
  240        11.42914
  241        11.94664
  242        12.36175
  243        11.87326
  244         7.52549
  245        19.03523
  246        13.98670
  247         9.37583
  248         8.57595
  249         9.46740
  250         7.13483
  251         8.33169
  252        13.23175
  253        10.62049
  254         7.00115
  255         9.55005
  256         6.56537
  257        11.54097
  258         8.79386
  259         7.63965
  260         7.76716
  261         8.37320
  262        10.20694
  263         6.76407
  264        16.60106
  265         6.50117
  266         7.64999
  267         8.43084
  268         8.57140
  269         7.83875
  270         9.31456
  271         8.89188
  272         5.61540
  273        16.61525
  274        12.55314
  275        10.67674
  276         7.65239
  277         8.80980
  278         6.31143
  279         9.36967
  280         9.20724
  281        10.80411
  282         6.64260
  283         7.34012
  284         9.10366
  285         8.86247
  286         8.72633
  287         7.41761
  288         8.43844
  289         7.89949
  290         7.37684
  291        12.40195
  292         9.35006
  293         9.31848
  294         8.17593
  295        11.41735
  296         7.70183
  297         7.78131
  298        26.34461
  299        12.18993
  300         7.54981
  301        14.67647
  302        10.08176
  303         6.76646
  304         8.34973
  305        10.43718
  306         6.97490
  307         9.35304
  308         6.85612
  309        19.16747
  310         5.73709
  311         9.78228
  312         6.61799
  313         8.43109
  314         7.74443
  315        11.40542
  316         8.41963
  317         6.77600
  318         6.06845
  319        10.45156
  320         9.92565
  321         7.40217
  322        12.23251
  323        10.12447
  324         7.93988
  325         9.47941
  326         9.18970
  327        11.46525
  328         8.24628
  329        13.39759
  330        21.46575
  331        11.51496
  332         6.59093
  333         8.97472
  334        11.28685
  335        12.41114
  336         7.47136
  337        13.84465
  338        10.42748
  339         7.17947
  340         9.93020
  341        17.03695
  342         9.60478
  343         7.00628
  344        11.08422
  345         9.14125
  346         9.81056
  347         8.37499
  348         8.51974
  349        15.81725
  350         7.74358
  351        10.49473
  352         8.43633
  353        10.43808
  354         8.80293
  355        10.67244
  356        11.50021
  357         9.92639
  358        10.70382
  359         6.60507
  360         7.55383
  361         8.28142
  362         8.17059
  363         9.90964
  364         9.70490
  365         9.15369
  366        11.99127
  367         9.92888
  368        11.20251
  369        21.59825
  370         7.59754
  371         6.77530
  372         8.69468
  373         8.89834
  374        12.99797
  375         9.63824
  376         4.70875
  377         7.81595
  378        11.76327
  379         8.50806
  380        14.99273
  381        12.74238
  382        15.92251
  383         6.44101
  384         8.25095
  385         7.66002
  386         5.97735
  387        16.08605
  388        14.52858
  389         8.62960
  390        12.46017
  391         8.15294
  392         9.01140
  393         8.30001
  394         8.52733
  395         8.60439
  396         7.72668
  397        14.94933
  398         7.90785
  399         9.31635
  400         8.40474
  401        11.94663
  402         9.99059
  403         6.40131
  404        10.35356
  405        11.58211
  406        11.35902
  407         6.77113
  408         9.85306
  409        12.31123
  410         9.21244
  411         5.79168
  412         7.50701
  413        10.87363
  414         7.48393
  415         7.16365
  416         9.35213
  417        10.96114
  418         6.81171
  419        12.08389
  420         8.44422
  421         8.94007
  422         7.63553
  423         7.63148
  424         5.20415
  425        13.22137
  426        11.37579
  427         8.55821
  428         9.57492
  429        10.55427
  430         7.69211
  431        11.28080
  432        16.38671
  433         8.94980
  434        10.26978
  435        11.47657
  436        13.80709
  437        10.37759
  438         7.78420
  439         6.81652
  440        12.22148
  441        11.05502
  442         9.29521
  443         8.36330
  444         9.18067
  445         9.02756
  446         9.12644
  447        11.54433
  448        11.70749
  449         7.68716
  450         9.29740
  451         7.14348
  452         7.48921
  453         8.72309
  454        12.00919
  455         6.08742
  456        11.21086
  457         8.75277
  458         9.90638
  459         7.09369
  460        12.76383
  461         9.07439
  462         4.49250
  463         9.72857
  464        23.78664
  465         7.70652
  466         9.16636
  467        11.32622
  468         9.28905
  469         9.31711
  470         8.20152
  471         9.92819
  472         8.37340
  473         5.96399
  474        10.98390
  475        10.60156
  476         9.77508
  477        15.69450
  478        13.94553
  479         9.16930
  480        14.89162
  481         6.90740
  482        11.48393
  483        12.65686
  484         5.83758
  485         9.85181
  486         9.92029
  487         8.18483
  488        18.54742
  489        12.25725
  490         8.10405
  491        15.38520
  492         6.75016
  493         6.47002
  494        12.22995
  495         9.01454
  496         8.72643
  497         6.36450
  498        15.93127
  499         9.56387
  500        10.09798
  501         7.66991
  502        10.82559
  503         8.89360
  504        12.47316
  505         9.60859
  506         7.78622
  507        13.99201
  508         9.45583
  509        11.92661
  510         7.63023
  511         6.45602
  512         7.88102
  513         9.08890
  514         7.59675
  515         8.46537
  516         7.15409
  517        13.79339
  518         7.43353
  519         7.50554
  520         7.59359
  521         8.76573
  522         7.97544
  523        10.13520
  524        10.12535
  525         9.35639
  526         6.87703
  527        18.55849
  528         9.02793
  529        10.36077
  530         9.20943
  531        13.60902
  532         9.09557
  533        13.02994
  534        12.71994
  535         9.71121
  536        10.45065
  537        11.70385
  538        14.42624
  539        13.06756
  540        11.74647
  541         6.25979
  542         7.18691
  543         8.86155
  544        12.64975
  545        12.16803
  546         9.50437
  547        12.15192
  548         7.84771
  549         9.91277
  550         7.75048
  551         6.91348
  552        16.82232
  553        18.93165
  554         5.77240
  555        13.85240
  556        10.30435
  557         9.07259
  558         9.42368
  559        12.89304
  560        14.52779
  561        10.84217
  562        16.20038
  563         7.36060
  564        11.48323
  565         8.77419
  566         7.70625
  567         8.90546
  568        11.69117
  569         8.58497
  570         9.97624
  571         7.14229
  572        12.66179
  573         8.50812
  574        15.64076
  575        10.95554
  576         6.43939
  577         9.50640
  578        10.62446
  579        14.53647
  580         6.44068
  581         9.57105
  582         8.56846
  583        10.80227
  584        10.06927
  585        12.55698
  586        11.74714
  587         7.53899
  588        10.04354
  589         7.34564
  590        10.36983
  591        13.01511
  592        12.33867
  593        11.79784
  594        14.02605
  595        10.91569
  596         9.04946
  597        11.12470
  598        11.51968
  599        11.54619
  600        17.34087
  601        15.91702
  602        10.88535
  603         7.77220
  604         7.34957
  605        10.94218
  606         8.61703
  607        10.11978
  608         8.65757
  609        14.21404
  610         6.83433
  611        10.38771
  612         7.81087
  613         8.47268
  614         8.44708
  615         7.78134
  616        10.20780
  617        11.70045
  618         6.53095
  619         8.97502
  620         6.90845
  621         6.80644
  622         8.13573
  623         9.99884
  624         8.60557
  625        10.57996
  626         8.10173
  627         6.82958
  628         9.76354
  629        13.19095
  630        10.34660
  631        13.88510
  632        11.14530
  633         7.38254
  634         9.42943
  635         7.37424
  636        10.20286
  637         9.20504
  638         9.15781
  639        15.39170
  640         9.11192
  641         8.51688
  642        15.51153
  643        10.24365
  644         8.02612
  645         7.28648
  646         9.03726
  647        11.37409
  648         7.69207
  649         7.45648
  650         9.31714
  651         9.42296
  652        10.36445
  653        12.68285
  654         9.22467
  655         9.41351
  656         6.81529
  657        11.48820
  658         8.45295
  659         7.94236
  660         9.19001
  661        11.85712
  662        11.68476
  663        16.08155
  664         7.48428
  665        13.14576
  666         7.06470
  667        12.31690
  668         6.56324
  669         9.46481
  670         9.55878
  671        10.18696
  672         9.50175
  673         5.93359
  674         7.53123
  675        11.93078
  676        10.81130
  677        10.45075
  678         6.81850
  679         8.00687
  680        10.49604
  681         9.93519
  682         7.60559
  683        14.60091
  684        13.51348
  685        14.54028
  686         9.64405
  687         9.52857
  688         8.58062
  689         6.84164
  690         7.19655
  691        11.40275
  692        15.29744
  693        11.30304
  694        13.70705
  695         5.80376
  696        14.58826
  697         9.74289
  698        10.99873
  699         9.53942
  700        10.67515
  701         8.15746
  702        10.81619
  703        10.64926
  704         9.51330
  705         6.96822
  706        14.92148
  707        15.07824
  708         9.38578
  709         9.22383
  710         8.38973
  711         6.69843
  712         6.88586
  713         7.99497
  714         8.25579
  715        12.71604
  716         7.73005
  717         7.18495
  718        10.34031
  719         6.06561
  720        10.06542
  721         7.10347
  722         7.42622
  723        14.77074
  724         8.31185
  725         9.39041
  726        15.65909
  727        11.61268
  728         5.40810
  729         7.65672
  730         9.65028
  731         8.03271
  732         8.59425
  733         9.33799
  734        12.85190
  735         7.73268
  736        10.09347
  737         8.06772
  738        10.78559
  739         8.69579
  740        13.98291
  741        10.25393
  742        13.79415
  743         7.26321
  744        12.40305
  745        13.95804
  746         9.96472
  747         8.35071
  748        10.25947
  749         7.32851
  750         9.34480
  751         9.74195
  752         6.48584
  753         7.53418
  754         9.91927
  755        15.58255
  756         8.60636
  757        13.06702
  758         9.07060
  759         9.66745
  760        10.23348
  761         8.73829
  762         9.98137
  763         8.66952
  764         9.76357
  765        24.30523
  766        12.34706
  767        13.79252
  768         6.50016
  769        11.61496
  770        12.04378
  771        13.45185
  772         7.00381
  773         9.58120
  774         6.04348
  775         7.61878
  776        12.24014
  777        10.24414
  778         7.92410
  779         8.33400
  780         9.97152
  781         9.70018
  782        11.43361
  783         7.26478
  784        10.75432
  785         8.13857
  786        10.56376
  787         8.47892
  788         9.01256
  789        14.08139
  790         8.85783
  791         8.48882
  792        10.19343
  793         8.21542
  794        16.56679
  795        11.13543
  796         8.63491
  797         8.13319
  798         7.69328
  799        11.68027
  800        12.11926
  801         5.73275
  802         9.51917
  803         9.14470
  804        10.86774
  805         6.87685
  806         8.67216
  807        10.71528
  808         9.75282
  809         7.04247
  810         8.68929
  811         8.21774
  812         6.45973
  813        10.10671
  814        11.37150
  815         6.49158
  816         7.63146
  817        15.27165
  818         7.08969
  819         8.25035
  820        11.24656
  821        16.68379
  822        12.27241
  823        16.95875
  824         7.96452
  825        13.57442
  826         8.85398
  827        15.87299
  828        10.69888
  829         9.86846
  830         8.02629
  831        11.38336
  832         6.18448
  833        14.16943
  834         9.71799
  835        12.08139
  836         8.04784
  837        10.48081
  838         7.34965
  839        10.35902
  840         9.57420
  841         9.55013
  842        14.12244
  843        12.99156
  844        10.85075
  845         6.86169
  846         8.44680
  847        11.95605
  848        12.24063
  849        11.93464
  850         8.21972
  851        18.30736
  852        10.55565
  853         9.06081
  854        13.26853
  855        17.04098
  856        11.64105
  857         9.95359
  858        10.23583
  859        10.50753
  860         8.58805
  861         9.56112
  862        11.14829
  863        11.83357
  864        10.84831
  865         8.57873
  866         7.86510
  867        11.22888
  868         7.93541
  869         6.60588
  870         6.51333
  871        11.00318
  872         7.35802
  873        11.24033
  874         7.54961
  875         6.97678
  876         8.65067
  877        10.64658
  878         9.12103
  879         9.03048
  880         7.79424
  881        12.63589
  882         7.96878
  883        15.19610
  884         7.86876
  885         5.82434
  886         5.75128
  887        13.08256
  888         7.48470
  889        10.55357
  890         8.22436
  891         9.92301
  892        12.87756
  893         6.64414
  894         8.83142
  895        13.37958
  896         9.26673
  897        13.17583
  898        13.38250
  899         8.46723
  900         8.26582
  901        10.35223
  902        10.22871
  903         9.46310
  904        14.44011
  905        12.60764
  906         9.05321
  907         8.32416
  908         8.05999
  909        13.30950
  910         9.60048
  911         8.20503
  912         9.34239
  913        11.86924
  914        12.44988
  915         9.13179
  916         8.22702
  917        14.09162
  918        11.06733
  919         6.50619
  920        11.09293
  921         7.60942
  922         6.76022
  923         8.67038
  924        11.06460
  925         9.67432
  926         6.77492
  927         8.10772
  928         9.41862
  929         8.85752
  930         9.60738
  931        10.41775
  932         8.20601
  933         7.14293
  934         6.43095
  935         6.02439
  936         6.24735
  937        10.53306
  938         5.29172
  939        16.62281
  940        11.83710
  941         8.88725
  942         7.63860
  943         8.43843
  944        13.14301
  945         5.45917
  946        13.01903
  947        11.79873
  948         9.34211
  949        11.80847
  950         9.06885
  951        13.65826
  952         8.39873
  953         8.07835
  954         7.33021
  955         5.71833
  956        13.03205
  957         8.14637
  958        11.83026
  959         7.28654
  960         8.51209
  961        11.47899
  962         8.16188
  963         8.71061
  964         9.07037
  965         7.86727
  966         9.17425
  967         7.92719
  968         9.54095
  969         8.77901
  970        12.10611
  971        10.25094
  972        10.82398
  973         7.84355
  974        10.88902
  975         7.31867
  976         8.60350
  977        10.78486
  978         9.20315
  979         6.27465
  980         7.45086
  981         8.89304
  982        12.77630
  983         8.73558
  984         8.11599
  985        15.97006
  986        10.16482
  987        15.06971
  988        14.29978
  989        11.72636
  990         7.31387
  991         8.30001
  992        13.31372
  993         6.24677
  994         6.58029
  995         9.22312
  996        11.58346
  997         9.44027
  998        16.64497
  999         9.51770
 1000         9.06200