#      772244625   -filetype ZipermE.out 
#
# QTL Cartographer v. 1.17e, 27 August 2003
# This output file (qtlcart.z3e) was created by ZMapQTL...
#
# It is 18:47:30 on Monday, 10 December 2018
#
#
#The position is from the left telomere on the chromosome
-window      10.00      Window size for models 5 and 6
-background      5      Background parameters in model 6
-Model           3      Model number
-trait           3      Analyzed trait [FUELA]
-cross         Ri1      Cross
#
#  Note that our Likelihood ratio test statistic compares two nested hypotheses
#  and is two times the negative natural log of the ratio of the likelihoods.  For example,
#  assume that  hypothesis H0 is nested within H1 and that they have likelihoods L0 and L1 respectively.
#  Then, the "Likelihood Ratio Test Statistic" is -2ln(L0/L1). 
#
#  Repetition    GlobalMax  -start  
    1         8.34729
    2         7.46964
    3         6.36223
    4         6.72974
    5        13.06518
    6         7.57960
    7         6.79326
    8        11.79097
    9        10.77595
   10        14.48258
   11         7.00404
   12         8.69731
   13         6.50501
   14        11.52857
   15        10.20703
   16         6.74417
   17        10.24309
   18         9.56460
   19        12.65849
   20         8.08164
   21         9.00539
   22         7.31409
   23        11.28010
   24         8.10529
   25        10.87319
   26         7.84075
   27        11.59720
   28        10.78297
   29        14.23312
   30        10.73157
   31         8.94480
   32        12.24018
   33         8.00883
   34        12.51127
   35        11.30149
   36         8.03233
   37         7.76088
   38         7.23226
   39         9.90335
   40        15.36973
   41         5.41491
   42         9.08135
   43         8.01514
   44         7.91854
   45        13.14687
   46         8.88101
   47         7.14146
   48         8.97531
   49        23.00184
   50         8.10089
   51        15.13120
   52        11.75246
   53        11.85528
   54         9.63292
   55        11.26854
   56         7.69587
   57         8.79026
   58        13.33481
   59         6.20815
   60        12.65739
   61         9.02072
   62        18.57335
   63         5.06496
   64         7.20315
   65        13.31174
   66        14.14628
   67         5.31573
   68         8.53756
   69        11.70988
   70         7.60161
   71        10.29079
   72         7.05169
   73         8.56971
   74        11.41499
   75        10.34624
   76        10.29838
   77        13.58730
   78         9.04493
   79         7.64864
   80         9.40666
   81         9.79388
   82        11.44325
   83        13.94728
   84        14.05094
   85         9.27767
   86         5.95902
   87         7.70525
   88         8.78178
   89        14.48414
   90        10.96839
   91        14.40470
   92         7.10710
   93         7.34709
   94         6.94094
   95         9.81941
   96         8.17409
   97         8.00160
   98         8.21149
   99         6.32135
  100         9.70060
  101         8.29918
  102        13.71584
  103        12.58543
  104         8.06545
  105        14.59571
  106         9.98514
  107        10.78386
  108         8.17095
  109         6.03008
  110        13.37556
  111         6.91422
  112        13.04031
  113         8.28279
  114         9.36978
  115         6.80081
  116         9.07222
  117         9.62751
  118         7.74532
  119         7.30573
  120         5.80439
  121         7.12799
  122         9.87233
  123        12.34721
  124         9.34204
  125         6.70179
  126        16.62457
  127        13.12121
  128        17.38685
  129         7.31008
  130         8.23442
  131         7.59402
  132        17.97470
  133        10.14873
  134        11.87469
  135         9.94652
  136         7.31741
  137         5.68486
  138        13.45152
  139         9.19992
  140        11.63464
  141         9.48008
  142         8.47054
  143         8.92308
  144         6.02644
  145         9.00778
  146        11.76175
  147        11.80825
  148         9.46471
  149        15.59304
  150         7.97875
  151         8.96894
  152         7.44241
  153         6.84265
  154         8.17649
  155         7.01207
  156        11.88501
  157         9.90427
  158        11.08167
  159         8.07766
  160        12.10322
  161         9.20800
  162         8.96236
  163        14.64744
  164         8.20144
  165         7.98728
  166        10.40939
  167        10.79791
  168         8.46669
  169         7.89133
  170        10.67862
  171        16.19663
  172        10.55525
  173        10.76979
  174         9.36851
  175         6.45306
  176         9.72574
  177         8.85790
  178         8.49185
  179         9.84164
  180        11.32724
  181         9.52086
  182         6.74101
  183        12.29443
  184        12.83948
  185         9.67215
  186         5.86053
  187        10.08097
  188        12.30366
  189         7.45271
  190        10.08277
  191         8.17951
  192         7.64986
  193         8.90580
  194         9.90245
  195        11.02127
  196         7.82342
  197         7.98136
  198         8.57952
  199         8.69626
  200         9.91103
  201        10.12655
  202         9.14739
  203        12.80193
  204         7.57877
  205         9.02015
  206        14.49871
  207         7.58686
  208         8.07821
  209         6.02767
  210         9.03312
  211         9.19053
  212         9.44863
  213         8.96095
  214         7.03419
  215         7.61760
  216        11.19913
  217        11.29974
  218         7.82829
  219         8.94000
  220         8.48754
  221         9.44113
  222         8.72834
  223         9.14195
  224        14.09178
  225         9.25999
  226         8.77136
  227        12.44853
  228        12.35993
  229         6.57380
  230         8.74653
  231        10.91035
  232        11.31320
  233         9.58901
  234         7.96454
  235        10.00137
  236        15.21569
  237         9.21798
  238        10.26158
  239         7.73417
  240        13.37673
  241         7.40694
  242         8.83787
  243        15.87141
  244         6.03401
  245         9.25624
  246         7.91353
  247        12.18478
  248        11.23706
  249         7.61934
  250         9.88655
  251        14.59159
  252        12.12795
  253        12.41287
  254        11.22668
  255        16.03023
  256        10.62583
  257         6.15977
  258        12.16351
  259        10.08939
  260         7.08319
  261         9.21202
  262         7.78185
  263         9.25049
  264         9.07160
  265         8.58200
  266         8.36626
  267         8.06521
  268         7.23738
  269         6.30033
  270         8.57140
  271        10.35501
  272         9.15820
  273         8.69070
  274        14.88418
  275        12.72745
  276        10.07257
  277         8.10298
  278        10.02880
  279         8.77076
  280        10.52942
  281        10.27739
  282         6.25892
  283         6.08080
  284        11.11929
  285         7.34824
  286         7.56828
  287        16.08918
  288        15.31607
  289         8.68704
  290        11.73820
  291         9.08962
  292         9.84769
  293         7.89324
  294         7.28722
  295        11.40631
  296         9.88608
  297         9.08751
  298        16.35740
  299         9.33646
  300         8.61518
  301        13.10071
  302        13.44938
  303        12.45889
  304         8.70264
  305         9.63082
  306        13.06329
  307        13.72358
  308        11.83981
  309         7.43736
  310         9.98709
  311        12.21866
  312        11.74941
  313        10.96524
  314         6.51219
  315         9.86616
  316        21.31391
  317         9.49858
  318        11.19857
  319         9.58311
  320         9.57468
  321        12.83080
  322         8.56953
  323         9.53536
  324        14.67958
  325         9.15474
  326         6.58067
  327         7.42424
  328         9.45812
  329         9.46855
  330         9.26007
  331         9.12375
  332         8.30117
  333         8.74502
  334        10.33489
  335         7.38761
  336        15.56805
  337        13.76996
  338        10.61058
  339        10.36334
  340         5.97135
  341         9.69425
  342        10.42516
  343        10.44885
  344        10.99181
  345         8.47000
  346        10.02089
  347         6.68104
  348        10.40737
  349        10.43085
  350         7.18173
  351        10.30045
  352         6.51932
  353        10.64377
  354         8.21287
  355        16.43505
  356         8.41421
  357         7.32908
  358        12.10176
  359        10.16584
  360         8.24164
  361        19.48483
  362        10.07778
  363         6.55918
  364         6.75020
  365         6.86445
  366         7.76086
  367         8.19768
  368        10.84960
  369         7.58057
  370         6.36286
  371         9.02262
  372        10.92282
  373        10.43610
  374         9.57192
  375         9.61280
  376        13.86477
  377         9.13446
  378        12.32327
  379        14.45225
  380        13.13217
  381         9.64446
  382         5.57899
  383        10.13181
  384         8.23620
  385        12.17686
  386         8.54263
  387         7.91379
  388        10.57998
  389         9.78058
  390         9.79671
  391         9.88960
  392         8.50603
  393        15.13687
  394         6.74034
  395        11.21064
  396        11.26760
  397        13.98488
  398        13.91793
  399         8.76910
  400         6.72209
  401         9.92463
  402        10.96938
  403        13.03277
  404         5.47995
  405        21.06019
  406         7.52196
  407         8.61928
  408        12.33101
  409         9.50955
  410        11.73350
  411         5.84592
  412         8.24657
  413         9.44356
  414         7.46546
  415         7.86472
  416         8.01825
  417        15.17739
  418         7.48140
  419         9.81884
  420        12.74300
  421        11.73674
  422         6.35863
  423        10.01856
  424        15.99171
  425        12.31370
  426         6.80347
  427         8.82137
  428         9.82016
  429        12.13268
  430         6.66961
  431         9.66139
  432        10.72067
  433         7.18946
  434        10.12334
  435        13.71660
  436        12.57925
  437        16.79898
  438         9.05185
  439         8.94259
  440        10.82734
  441        13.10522
  442         9.48963
  443         8.89275
  444        13.06777
  445        11.92293
  446         9.36920
  447        13.52833
  448         7.28503
  449         7.08893
  450        10.11955
  451        11.35934
  452         8.92524
  453        12.38183
  454        11.78964
  455         7.82891
  456         7.75606
  457        18.12837
  458        10.16582
  459         8.87607
  460        10.63481
  461        11.15288
  462        10.98383
  463         6.51801
  464         7.17924
  465         6.49438
  466        15.06342
  467         8.70423
  468         7.17107
  469        11.99597
  470        11.36973
  471         7.09682
  472         7.30017
  473         8.38409
  474        11.73456
  475         9.51041
  476         5.05008
  477         9.71775
  478         6.84452
  479        10.37534
  480         8.11490
  481         9.76699
  482        11.03866
  483        11.70578
  484        11.06603
  485         9.69679
  486         8.03459
  487         8.36903
  488         6.09468
  489         8.56984
  490         8.58641
  491         7.14068
  492         8.74970
  493         8.19676
  494        10.16476
  495        10.76731
  496         9.65686
  497        14.50246
  498        15.50898
  499        16.63302
  500         8.93987
  501         6.90764
  502        11.57382
  503         7.04555
  504         6.63975
  505         7.83646
  506         9.07261
  507         6.78830
  508        10.37198
  509        11.21543
  510         8.54328
  511        13.74148
  512        10.60058
  513         9.70753
  514        10.02425
  515         7.11487
  516         5.54222
  517        10.77553
  518         9.26623
  519         7.27302
  520        12.17996
  521        10.53506
  522        12.26325
  523         9.51039
  524         6.15332
  525         9.56798
  526        10.73735
  527        15.35109
  528         6.91415
  529        11.74896
  530        14.09535
  531         7.74232
  532         9.65206
  533        11.79307
  534         8.98207
  535         9.81481
  536        10.34194
  537         5.77494
  538        10.03220
  539         7.79878
  540         8.06851
  541        14.10300
  542        12.63773
  543        12.25652
  544         8.90567
  545         9.30091
  546         5.55736
  547         6.86120
  548         5.43041
  549         8.72961
  550        11.42378
  551        10.16409
  552        19.63743
  553         7.26222
  554         9.81495
  555        16.62054
  556         9.04239
  557         9.42942
  558        12.80318
  559        10.37399
  560         9.03623
  561         7.99462
  562        17.13225
  563        18.45230
  564         9.25131
  565        12.84822
  566         9.50519
  567         7.72422
  568         7.99366
  569        12.66864
  570        12.76493
  571         4.68429
  572         8.70353
  573         8.28089
  574        16.34660
  575        10.81688
  576        10.02954
  577        11.29482
  578        10.52850
  579        10.72527
  580         9.80277
  581         9.28469
  582        11.94062
  583        11.82238
  584         6.90383
  585         8.82089
  586         5.78147
  587        14.02726
  588         7.05221
  589         9.97254
  590         7.26015
  591        15.20521
  592        13.48183
  593         5.21476
  594        15.70028
  595        13.58821
  596         7.03606
  597         7.54397
  598         8.07122
  599         7.31827
  600        13.36214
  601         9.07715
  602         8.23251
  603         9.56001
  604         8.67957
  605         9.06989
  606         8.32648
  607         8.59926
  608         9.83576
  609         8.71038
  610        11.24585
  611        11.31498
  612         6.67390
  613         6.75439
  614         7.79611
  615         6.97075
  616         5.42599
  617         6.82571
  618         7.01446
  619         9.56039
  620         9.58217
  621        11.48825
  622         9.60871
  623         7.51974
  624         7.84545
  625        10.36413
  626        11.05895
  627         6.14327
  628         7.39797
  629         7.31855
  630        10.70264
  631        10.37896
  632        14.99699
  633        12.95816
  634         6.42880
  635        12.87874
  636         7.48941
  637         7.19209
  638         8.64766
  639         7.50090
  640        10.15283
  641        11.61202
  642         8.79300
  643         9.25220
  644         8.09848
  645         8.96706
  646        11.96918
  647         9.71033
  648        10.67727
  649        17.91493
  650        10.59639
  651         9.53159
  652         7.97221
  653         7.81714
  654         5.54205
  655         9.37426
  656         6.48940
  657        15.13473
  658        17.37733
  659         7.72197
  660         8.23394
  661        17.53919
  662         7.92158
  663        10.19236
  664         8.46870
  665         7.76128
  666         7.79410
  667        10.80876
  668        10.34106
  669        13.39569
  670         8.00884
  671         8.63942
  672         8.68608
  673         8.32004
  674        11.51606
  675         6.84472
  676         8.78184
  677         7.15884
  678        10.21309
  679        10.18007
  680         7.30231
  681         7.58135
  682         7.58601
  683         7.66985
  684        13.56478
  685         8.52575
  686         9.68140
  687         8.55696
  688         8.02088
  689        10.26080
  690         8.20615
  691         7.28918
  692        10.15589
  693        10.08042
  694        19.68860
  695        10.09775
  696         8.10697
  697        10.62511
  698        12.09140
  699         9.36599
  700         6.00901
  701         7.59766
  702         6.01107
  703         9.47375
  704        17.90131
  705        10.99621
  706         7.40634
  707        12.31081
  708         9.14055
  709         5.82280
  710         5.75198
  711        14.68548
  712        10.42438
  713         7.63359
  714        17.16280
  715        12.05486
  716        10.38677
  717        15.35698
  718        11.05533
  719         6.87618
  720         9.28427
  721         9.81168
  722         6.44566
  723         8.17339
  724         5.74718
  725        10.66797
  726         5.90137
  727        12.54363
  728         8.26887
  729         4.87866
  730        11.38700
  731         8.68477
  732         8.37894
  733        13.59644
  734         8.80228
  735         6.48509
  736         8.65973
  737         8.76236
  738        10.63919
  739         8.72197
  740        13.48872
  741        13.13857
  742         8.90516
  743        10.00253
  744         6.80431
  745         8.13704
  746        11.36420
  747        12.25224
  748         7.40329
  749        10.06745
  750        14.11480
  751        11.45136
  752         9.54541
  753         7.62987
  754        14.80669
  755        14.20705
  756         7.92181
  757         9.01438
  758         6.77363
  759        16.51334
  760        10.44004
  761         9.24433
  762         7.12611
  763         9.41991
  764         8.52127
  765        13.47959
  766        10.44514
  767        11.59162
  768         8.93837
  769         8.50386
  770         7.39312
  771         5.40093
  772        11.00857
  773        12.98610
  774         7.82102
  775         7.29645
  776         5.68454
  777        11.79686
  778         8.07193
  779         8.52579
  780        15.37987
  781        10.58236
  782         5.73796
  783        10.65378
  784         7.43815
  785         9.49653
  786        10.56038
  787         7.32473
  788         9.23082
  789        10.36258
  790         8.47425
  791         6.85870
  792        11.40211
  793         7.29002
  794         9.91230
  795         9.46487
  796         9.45961
  797         6.50713
  798        10.59207
  799        11.74348
  800        10.26285
  801        12.03581
  802        11.89734
  803         7.33069
  804        10.64289
  805        16.69544
  806        11.20162
  807         7.05097
  808         9.34377
  809        13.27548
  810        11.75630
  811         9.78941
  812         9.49463
  813        10.18949
  814        16.90105
  815         6.59489
  816         9.43089
  817         9.05707
  818         7.95458
  819         5.74747
  820         7.35837
  821         6.88326
  822         9.34439
  823         9.32036
  824         7.60429
  825         9.74383
  826         8.14245
  827        16.48913
  828        12.98615
  829         7.34334
  830        10.43132
  831         7.91084
  832        18.19686
  833        11.25921
  834         7.73163
  835         6.21843
  836         8.03528
  837        10.24373
  838         9.23378
  839         8.34439
  840         5.86875
  841         7.72030
  842        14.46972
  843        11.31949
  844         7.22595
  845         8.19626
  846         7.59669
  847        11.63227
  848         8.33880
  849         8.12542
  850         8.91893
  851        12.19463
  852         8.54600
  853         6.29211
  854         9.46442
  855         8.14557
  856        12.41914
  857         7.86853
  858        18.49890
  859         7.54831
  860         5.15158
  861         7.96992
  862         9.68600
  863         7.78585
  864         8.47025
  865        12.08685
  866         7.22246
  867         7.27360
  868         7.07234
  869        12.06507
  870         6.19556
  871         9.55355
  872         8.23440
  873        13.18860
  874         8.71656
  875         9.09531
  876        10.97874
  877         9.72740
  878         7.41540
  879        15.38155
  880         9.00231
  881         6.87069
  882         7.22530
  883         8.31396
  884         6.06925
  885        12.01996
  886         8.51609
  887         6.76996
  888         8.55149
  889        11.18013
  890         6.82412
  891         8.59467
  892         6.99171
  893        10.80852
  894         8.37445
  895         7.47235
  896        10.72687
  897        10.00404
  898         9.34541
  899        11.36955
  900         6.30742
  901         7.61621
  902        10.55436
  903         9.97209
  904        11.07253
  905         8.54471
  906         9.19322
  907         8.17541
  908         9.63845
  909         8.36131
  910        10.49380
  911         7.53147
  912         8.31683
  913         5.26025
  914        10.11063
  915         8.47303
  916        10.00066
  917         7.07283
  918         8.28653
  919        11.03588
  920         9.45796
  921        10.84639
  922         6.80251
  923         9.78403
  924        10.30017
  925        16.91894
  926         9.04516
  927         6.58944
  928        10.45036
  929         6.58605
  930         9.09130
  931         9.09033
  932        15.08007
  933         9.28770
  934         9.94365
  935         8.50278
  936        11.01777
  937        13.56290
  938        11.07792
  939        11.89216
  940         7.45908
  941        11.04040
  942        10.04785
  943         8.81697
  944         8.99640
  945         5.33543
  946         6.96338
  947         9.00277
  948         8.61990
  949         7.47164
  950         8.55088
  951         7.93571
  952        13.56624
  953         8.46397
  954        10.65033
  955        13.14643
  956        10.69952
  957         7.41875
  958         8.49857
  959        10.10527
  960         7.06901
  961         9.43942
  962        11.04379
  963         9.90771
  964        12.49202
  965        12.05964
  966         8.21147
  967        14.17206
  968         7.45244
  969        10.45629
  970         7.52555
  971         6.78437
  972         9.60892
  973        11.34205
  974        12.46292
  975         9.01731
  976         9.84954
  977         8.07499
  978        10.10724
  979         9.94277
  980         5.82624
  981        14.94901
  982         6.76736
  983         6.53256
  984        12.63489
  985         6.42583
  986         9.26597
  987        13.42619
  988         9.33547
  989        14.37789
  990         8.34060
  991        15.28036
  992         6.28725
  993        11.14439
  994        14.60301
  995        10.74774
  996         9.62874
  997         6.19561
  998         9.69134
  999        12.38749
 1000         6.23089