Pop	Gen2	Pedigree	ULA	TUELA	FUELA	MLA	lin_rsq_t	lin_a	lin_b1	Avg_LA
4	4	B73/PHW30-026 - (2n)-01	76.93090000000001	78.156	71.6025	68.75569999999999	0.92567	70.8647	1.4906	73.8815
4	5	B73/PHW30-036 - (2n)-01	67.97550000000001	61.6589	61.313399999999994	67.0329	0.06619999999999998	63.77739999999999	0.042300000000000004	63.81269999999999
4	6	B73/PHW30-036 - (2n)-02	75.73410000000001	73.484	70.1292	68.9404	0.6465000000000001	69.7986	1.0451	71.8885
4	7	B73/PHW30-041 - (2n)-01	64.58200000000001	64.7921	68.0496	62.5259	0.4685	64.79379999999999	-0.0252	64.6258
4	8	B73/PHW30-063 - (2n)-01	73.15559999999999	72.393	72.5173	64.89999999999999	1.2227999999999999	68.25059999999999	1.3995	70.9827
4	9	B73/PHW30-063 - (2n)-02	70.9571	68.84440000000001	68.7941	63.877500000000005	0.91364	65.7772	1.1338	68.069
4	10	B73/PHW30-064 - (2n)-01	72.06990000000002	71.6303	69.29	65.39139999999999	1.5735999999999999	67.50139999999999	1.2997999999999998	70.1184
4	11	B73/PHW30-064 - (2n)-02	72.9778	71.0416	70.2647	68.1148	0.6686000000000001	70.0898	0.5025999999999999	71.1429
4	12	B73/PHW30-068 - (2n)-01	69.4066	68.8229	66.4957	61.651900000000005	1.9357000000000002	64.5454	1.101	66.6298
4	13	B73/PHW30-068 - (2n)-02	66.524	70.5162	67.8339	64.13879999999999	0.2745	66.6193	0.5399	67.6382
4	14	B73/PHW30-092 - (2n)-01	74.1155	73.9703	72.43690000000001	69.54339999999999	0.6233	71.0225	0.6686	72.3961
4	15	B73/PHW30-097 - (2n)-01	59.99550000000001	68.0983	68.28150000000001	70.90509999999999	1.0482	68.98039999999999	-1.174	66.7399
4	16	B73/PHW30-097 - (2n)-02	70.07490000000001	73.8721	72.2966	74.7794	0.7911	73.11269999999999	-0.44589999999999985	72.274
4	17	B73/PHW30-098 - (2n)-01	69.5738	72.3485	70.6431	68.4649	0.11989999999999995	68.947	0.572	70.0983
4	18	B73/PHW30-098 - (2n)-03	74.17080000000001	76.1803	73.2302	74.44839999999999	0.29640000000000005	73.8163	0.35839999999999994	74.6972
4	19	B73/PHW30-100 - (2n)-01	79.65440000000001	74.0965	70.0646	69.2338	1.5785	69.9802	1.6867999999999999	73.3265
4	20	B73/PHW30-100 - (2n)-02	81.9434	80.3419	74.0755	74.8172	1.9980000000000002	75.0744	1.2425	77.5787
4	21	B73/PHW30-102 - (2n)-01	78.10400000000001	77.706	68.6727	65.38159999999999	1.5248	68.36749999999999	1.9415	72.1525
4	22	B73/PHW30-102 - (2n)-03	77.4254	77.4632	78.0384	73.8506	0.3511	76.1152	0.30609999999999993	76.83
4	23	B73/PHW30-141 - (2n)-01	79.60490000000001	80.6413	78.784	75.9202	1.1703999999999999	77.2234	0.8632299999999999	79.0396
4	24	B73/PHW30-152 - (2n)-01	64.78280000000001	69.8939	64.7274	66.40509999999999	-0.8122999999999999	66.1199	0.1765	66.4218
4	25	B73/PHW30-154 - (2n)-01	78.29490000000001	79.9879	75.8784	67.71119999999999	1.0674000000000001	71.77749999999999	1.7711000000000001	75.3455
4	26	B73/PHW30-163 - (2n)-01	75.77690000000001	75.1601	72.6255	69.5064	0.7692	72.20219999999999	0.90748	74.1383
4	27	B73/PHW30-163 - (2n)-02	75.0941	79.0141	75.2292	71.0533	0.0741	73.7533	0.6644	75.1704
4	28	B73/PHW30-166 - (2n)-01	81.77710000000002	80.9097	76.9297	70.479	1.8138999999999998	74.03139999999999	1.7654999999999998	77.6699
4	29	B73/PHW30-183 - (2n)-01	81.11840000000001	78.3158	72.6249	65.63239999999999	2.4089	70.6403	2.1903	74.9117
4	30	B73/PHW30-183 - (2n)-02	79.2689	75.9401	67.4006	65.1124	1.5950000000000002	68.6246	1.8587000000000002	72.2266
4	31	B73/PHW30-186 - (2n)-01	78.19200000000001	77.6952	72.2871	66.3411	1.5365000000000002	69.9314	2.0202	73.8929
4	32	B73/PHW30-186 - (2n)-02	74.11440000000002	71.4479	63.733799999999995	64.8479	1.1760000000000002	65.0826	1.4727000000000001	67.9475
4	33	B73/PHW30-196 - (2n)-01	82.53970000000001	78.1213	75.1842	76.5953	1.0686	76.469	0.91747	78.4972
4	34	B73/PHW30-201 - (2n)-01	71.9633	74.2445	66.93090000000001	67.1934	1.2835999999999999	68.11449999999999	1.1078999999999999	70.3292
4	35	B73/PHW30-207 - (2n)-01	65.5528	70.65780000000001	66.4905	59.5334	0.932222	63.6778	1.1579	65.8539
4	36	B73/PHW30-207 - (2n)-02	71.66240000000002	67.4353	66.5057	65.3741	0.5831	66.11609999999999	0.6955	67.4548
4	37	B73/PHW30-211 - (2n)-01	73.21460000000002	70.0488	68.55160000000001	67.7221	0.29119999999999996	68.32209999999999	0.86406	70.0575
4	38	B73/PHW30-211 - (2n)-03	74.5923	73.39	72.2004	66.43679999999999	0.92273	68.68469999999999	1.3096999999999999	71.3145
4	39	B73/PHW30-226 - (2n)-01	77.52370000000002	78.7899	73.6792	70.2628	1.6254	72.7543	1.2877	75.3507
4	40	B73/PHW30-237 - (2n)-01	78.2508	71.3853	66.5669	61.1706	2.6866999999999996	64.5479	2.33	69.0749
4	41	B73/PHW30-237 - (2n)-02	81.15559999999999	78.3004	72.214	66.2488	2.0545	70.8878	2.0691	74.9151
4	42	B73/PHW30-252 - (2n)-01	77.91499999999999	76.7489	67.3608	61.877500000000005	2.0452	67.6267	2.4046000000000003	72.2464
4	43	B73/PHW30-256 - (2n)-01	81.0341	77.3824	71.64750000000001	69.28999999999999	2.2367	71.6293	1.6432	74.8051
4	44	B73/PHW30-258 - (2n)-01	78.9967	73.2774	68.9225	64.6233	1.9314	68.50878	1.9455	72.3215
4	45	B73/PHW30-258 - (2n)-02	76.37389999999999	71.2426	60.663999999999994	65.3117	0.9112899999999999	64.58999999999999	1.6675	67.7368
4	46	B73/PHW30-285 - (2n)-01	75.4246	77.2205	72.2531	70.8258	0.7455	72.5189	0.9236	74.4181
4	47	B73/PHW30-288 - (2n)-01	84.887200000000007	84.3601	77.2927	71.42739999999999	1.6635	75.24669999999999	2.0682	79.4456
4	48	B73/PHW30-288 - (2n)-02	82.24000000000001	80.8281	76.2277	73.9627	1.9137	75.9802	1.224	78.5526
4	49	B73/PHW30-302 - (2n)-01	78.23330000000001	81.48780000000001	73.46130000000001	70.66839999999999	1.0811000000000002	73.39949999999999	1.4874	76.3488
4	50	B73/PHW30-302 - (2n)-02	66.7551	68.0283	67.4337	65.35159999999999	0.4197	67.03049999999999	0.20089999999999997	67.5074
4	51	B73/PHW30-316 - (2n)-01	80.875	78.2526	74.1013	67.3591	1.8224	71.417	2.0078	75.377
4	52	B73/PHW30-348 - (2n)-01	66.7587	70.2045	69.449	64.2366	-0.5500999999999999	66.5312	0.5033	67.6112
4	53	B73/PHW30-368 - (2n)-01	75.55880000000002	74.90350000000001	68.2125	65.8658	1.4998999999999998	67.2307	1.8164	70.7971
4	54	B73/PHW30-368 - (2n)-02	79.0762	78.3818	72.6755	65.97829999999999	2.3266	69.6978	2.0293	73.6274
4	55	B73/PHW30-385 - (2n)-01	73.14940000000001	71.6544	67.9918	65.2494	1.5661	67.62899999999999	1.3846	70.3966
4	56	B73/PHW30-385 - (2n)-03	70.56700000000001	71.916	65.5707	66.277	1.1985000000000001	66.24419999999999	1.3237	68.7714
4	57	B73/PHW30-392 - (2n)-01	78.9982	74.0605	70.1383	65.91799999999999	1.7298	69.3502	1.5975000000000001	72.4628
4	58	B73/PHW30-396 - (2n)-01	72.9145	68.7844	61.0958	59.5919	1.7691	61.513299999999994	1.9303	65.1263
4	59	B73/PHW30-396 - (2n)-02	67.96710000000002	65.9285	58.397	52.502700000000004	1.5945999999999998	57.730599999999995	2.113	61.6341
4	60	B73/PHW30-409 - (2n)-01	54.28380000000001	62.7821	58.507	64.5449	0.2644	62.12949999999999	-0.6003999999999999	60.95439999999999
4	61	B73/PHW30-409 - (2n)-02	71.6791	71.0814	67.1871	60.592000000000006	1.5510000000000002	64.7436	1.4634	67.5006
4	62	B73/PHW30-412 - (2n)-01	69.56739999999999	71.1751	70.2587	71.652	-0.7734	70.65209999999999	0.14090000000000003	71.0361
4	63	B73/PHW30-412 - (2n)-02	65.7516	70.9214	68.9305	70.8761	-0.29859999999999987	69.7575	-0.4104	69.0966
4	147	PHW30/B73-002 - (2n)-01	70.73850000000002	74.7004	69.35166	64.8977	0.7094	69.22399999999999	0.84878	70.8707
4	148	PHW30/B73-002 - (2n)-02	62.667300000000004	68.8823	62.575599999999994	52.435100000000006	-0.3135	58.7919	1.5678	61.64919999999999
4	149	PHW30/B73-009 - (2n)-01	67.3169	74.9734	71.6816	75.7242	0.1405	73.9323	-0.6029999999999999	72.9078
4	150	PHW30/B73-009 - (2n)-02	70.56650000000002	75.5016	72.8061	72.6759	0.932288	72.6643	0.06989999999999996	73.0036
4	151	PHW30/B73-015 - (2n)-01	65.9778	74.07600000000001	74.9872	69.9217	-0.6793999999999999	71.77929999999999	-0.16949999999999998	71.536
4	152	PHW30/B73-015 - (2n)-02	62.55590000000001	76.3082	71.503	68.0962	-1.0631	70.9887	-0.4172999999999999	70.2742
4	153	PHW30/B73-029 - (2n)-01	65.6814	65.48150000000001	66.9759	71.5547	1.0423	68.2324	-0.5737	67.1062
4	154	PHW30/B73-045 - (2n)-01	70.54940000000002	70.8633	66.5992	68.2226	1.4180000000000001	68.1304	0.5470999999999999	69.2226
4	155	PHW30/B73-055 - (2n)-01	68.4975	70.9012	68.7607	65.2597	0.5463	67.5997	0.3752	68.3995
4	156	PHW30/B73-055 - (2n)-02	66.36860000000001	72.8371	70.2249	67.0448	-0.009999999999999953	69.1151	0.1391	69.4026
4	157	PHW30/B73-060 - (2n)-01	74.33430000000001	75.0621	72.90950000000001	71.1976	0.314	71.993	0.5682	73.2583
4	158	PHW30/B73-060 - (2n)-02	72.614	72.7722	70.48910000000001	66.2644	1.3107	68.312	1.1078000000000001	70.54659
4	159	PHW30/B73-066 - (2n)-01	76.05760000000001	69.0172	63.56399999999999	61.050900000000006	1.087	64.3344	1.8100999999999998	67.8195
4	160	PHW30/B73-066 - (2n)-02	73.0549	74.9475	69.895	63.2853	1.4573999999999998	68.0898	1.5152	70.9914
4	161	PHW30/B73-078 - (2n)-01	78.74260000000001	78.2276	73.8973	69.1211	1.5036999999999998	72.15899999999999	1.5602	75.3232
4	162	PHW30/B73-078 - (2n)-02	78.5196	76.9239	73.8929	67.72109999999999	1.8172000000000001	70.6661	1.9260000000000002	74.4553
4	163	PHW30/B73-097 - (2n)-01	76.76760000000002	77.1407	74.4267	73.9764	1.0314	74.5376	0.6480999999999999	75.9046
4	164	PHW30/B73-097 - (2n)-02	83.5556	82.1607	77.5114	77.2927	1.9536000000000002	77.7547	1.0079	79.858
4	165	PHW30/B73-121 - (2n)-01	76.0052	79.9277	75.9863	67.07119999999999	0.84457	72.50529999999999	1.3671	75.2601
4	166	PHW30/B73-138 - (2n)-01	74.35130000000001	69.8011	61.7388	61.7886	1.4768	63.253499999999995	2.0287	67.0641
4	167	PHW30/B73-139 - (2n)-01	71.0067	72.8395	69.1392	69.1091	0.27840000000000004	69.9392	0.29699999999999993	70.48897
4	168	PHW30/B73-139 - (2n)-02	72.5084	70.5622	68.5283	67.86019999999999	0.6023000000000001	69.1981	0.5485	70.45481
4	169	PHW30/B73-143 - (2n)-01	64.111	60.9699	60.12579999999999	60.7415	0.98553	61.166	0.005699999999999927	61.03969999999999
4	170	PHW30/B73-157 - (2n)-01	65.91080000000001	71.8372	70.6708	72.0178	0.8710100000000001	71.21289999999999	-0.5158999999999999	70.2874
4	171	PHW30/B73-157 - (2n)-03	70.2792	76.5548	74.88340000000001	71.97189999999999	-1.7063000000000001	73.2914	0.12549999999999994	73.7978
4	172	PHW30/B73-161 - (2n)-01	68.73100000000001	76.1838	74.0637	74.786	0.16650000000000004	74.908	-0.3968999999999999	74.3113
4	173	PHW30/B73-161 - (2n)-02	67.5609	74.4121	70.5497	69.639	-0.17989999999999984	70.61	-0.10349999999999993	70.49926
4	174	PHW30/B73-169 - (2n)-01	64.952	60.8647	60.89019999999999	58.4878	0.95603	59.958099999999995	0.7695	61.2942
4	175	PHW30/B73-169 - (2n)-02	68.46770000000001	67.0029	64.65690000000001	64.15849999999999	0.21959999999999996	64.4143	0.681	65.7107
4	176	PHW30/B73-184 - (2n)-01	75.10140000000001	74.5923	70.183	63.293200000000006	2.1574	67.6087	1.8016	71.1027
4	177	PHW30/B73-184 - (2n)-02	57.25310000000001	68.27	62.215599999999995	57.0353	0.1376	60.4075	0.747	61.616899999999994
4	178	PHW30/B73-193 - (2n)-01	82.981	81.1055	72.8709	69.11529999999999	1.9785	72.1946	2.248	76.5868
4	179	PHW30/B73-204 - (2n)-01	74.8081	76.3075	74.9191	66.82999	1.2506	70.97579999999999	1.4498	73.8223
4	180	PHW30/B73-221 - (2n)-01	52.44180000000001	61.6597	58.7305	56.609300000000005	-0.44299999999999995	56.56699999999999	-0.4824999999999998	55.418899999999994
4	181	PHW30/B73-221 - (2n)-02	58.930400000000006	67.761	66.2228	63.0722	-0.09730000000000005	63.96039999999999	-0.24439999999999984	63.38799999999999
4	182	PHW30/B73-232 - (2n)-01	75.79490000000001	75.482	69.49784	70.0902	1.1026	70.703	0.96035	72.6051
4	183	PHW30/B73-232 - (2n)-02	71.3997	70.48	67.46430000000001	67.0086	1.6110000000000002	67.3831	0.91335	69.0939
4	184	PHW30/B73-241 - (2n)-01	78.30590000000001	78.14580000000001	71.911	68.5955	1.2908	71.82289999999999	1.4239000000000002	74.6435
4	185	PHW30/B73-241 - (2n)-02	61.85640000000001	64.679	61.922999999999995	59.4253	0.7821	60.9081	0.5112	61.79639999999999
4	186	PHW30/B73-243 - (2n)-02	74.41159999999999	75.31830000000001	69.7776	64.9648	1.251	69.137	1.2872	71.752
4	187	PHW30/B73-269 - (2n)-01	69.1431	70.4952	67.4513	59.903800000000004	1.4912999999999998	63.610299999999995	1.6111	66.6895
4	188	PHW30/B73-287 - (2n)-01	75.1765	74.4909	73.1909	69.5993	1.1401	71.679	0.705	73.1346
4	189	PHW30/B73-287 - (2n)-02	68.9161	72.4795	68.0159	67.44789999999999	0.6154999999999999	68.7486	0.5218	69.7933
4	190	PHW30/B73-289 - (2n)-01	60.67900000000001	72.3867	68.6199	64.709	0.7863	68.0654	-0.2147	67.6934
4	191	PHW30/B73-289 - (2n)-02	65.15350000000001	73.2628	68.3696	65.4456	-0.682	67.00869999999999	0.38259999999999994	67.7389
4	192	PHW30/B73-292 - (2n)-01	66.63470000000001	63.5456	64.5932	60.9966	0.6868	62.73629999999999	0.5732999999999999	63.76059999999999
4	193	PHW30/B73-302 - (2n)-01	75.1704	71.5474	67.5217	58.6893	2.1455	63.863899999999994	2.2663	68.2397
4	194	PHW30/B73-302 - (2n)-02	75.67850000000001	72.0982	63.809799999999996	58.6637	1.7064	63.45869999999999	2.1715	67.563
4	195	PHW30/B73-311 - (2n)-01	70.0899	67.5793	65.2925	62.7537	1.4897999999999998	64.2432	1.3359	66.7285
4	196	PHW30/B73-311 - (2n)-02	74.71209999999999	75.0711	70.0569	72.1501	-0.008599999999999997	71.69239999999999	0.5095	72.8475
4	197	PHW30/B73-324 - (2n)-01	76.50640000000001	72.3498	70.6601	64.1848	1.5935000000000001	67.82589999999999	1.7026	71.0499
4	198	PHW30/B73-326 - (2n)-01	81.8048	83.9486	79.5934	69.871	0.98785	76.6233	1.4333	79.6742
4	199	PHW30/B73-326 - (2n)-02	77.3598	77.5551	74.2961	61.269600000000004	1.4247	69.5397	2.0993	73.6417
4	200	PHW30/B73-341 - (2n)-01	63.31660000000001	63.420500000000004	66.1455	66.0835	0.5593	64.9343	-0.1605000000000001	64.508
4	201	PHW30/B73-341 - (2n)-02	65.34870000000001	69.2004	68.97670000000001	67.5363	0.7433	68.61699999999999	-0.20989999999999986	68.2113
4	202	PHW30/B73-349 - (2n)-01	80.5112	81.3168	79.8202	71.9065	1.1441	76.0637	1.2795	78.6735
4	203	PHW30/B73-351 - (2n)-01	61.93280000000001	67.2787	62.219199999999994	63.76590000000001	-0.8061999999999999	63.980199999999996	-0.19779999999999986	63.54959999999999
4	204	PHW30/B73-351 - (2n)-02	58.7426	66.3013	66.6163	67.4183	0.7986	66.92859999999999	-0.8107999999999999	65.3301
4	205	PHW30/B73-355 - (2n)-01	72.8611	73.5501	71.8477	73.8714	0.12910000000000005	72.56739999999999	0.04139999999999999	72.8055
4	206	PHW30/B73-355 - (2n)-02	72.65300000000002	71.6708	66.5834	65.3571	1.4133	67.16449999999999	1.046	69.2101
4	207	PHW30/B73-372 - (2n)-01	70.03710000000001	68.83840000000001	69.41351	68.0916	-0.16869999999999996	67.8656	0.5669	68.977
4	208	PHW30/B73-372 - (2n)-02	79.19920000000002	79.2946	73.1671	68.92739999999999	1.6458	71.9897	1.6376	75.2264
4	209	PHW30/B73-390 - (2n)-01	74.58620000000002	74.7457	74.9599	66.9341	0.61	70.69489999999999	1.0085600000000001	72.7246
4	210	PHW30/B73-401 - (2n)-01	70.62100000000001	77.4864	71.7103	70.1681	-0.25349999999999995	70.5028	0.85573	72.226
4	211	PHW30/B73-401 - (2n)-02	54.126000000000005	65.4983	67.58460000000001	70.7276	0.95179	66.8284	-1.5961000000000003	63.68019999999999
4	212	PHW30/B73-421 - (2n)-01	80.805	78.7522	74.013	61.781400000000005	2.017	69.297	2.6159	74.5119
4	213	PHW30/B73-421 - (2n)-03	77.92180000000002	75.187	72.4194	59.5764	1.8814000000000002	67.4953	2.1928	71.7008
4	214	PHW30/B73-433 - (2n)-01	72.625	72.5189	69.64150000000001	64.9272	0.8427899999999999	68.6206	1.119	70.8908
4	215	PHW30/B73-434 - (2n)-01	69.50550000000001	68.6353	69.41614	62.915800000000004	0.022899999999999976	65.59649999999999	0.88672	67.279
4	216	PHW30/B73-434 - (2n)-02	76.7817	72.9289	69.1649	62.777	2.3503000000000003	66.93939999999999	2.1072	70.9264
5	64	Mo17/PHW30-008 - (2n)-01	69.4733	77.11250000000001	74.03479999999999	66.739	-0.6312	71.9675	0.4517000000000001	72.7867
5	65	Mo17/PHW30-008 - (2n)-02	50.660900000000005	62.8656	66.35449999999999	62.7182	0.09736999999999996	63.190799999999996	-1.3391	60.3919
5	66	Mo17/PHW30-009 - (2n)-01	54.467600000000004	65.9796	67.82579999999999	64.7591	-0.3771	65.1062	-0.66616	63.59759999999999
5	67	Mo17/PHW30-013 - (2n)-01	53.82970000000001	63.79900000000001	65.87889999999999	67.17960000000001	0.5680999999999999	65.0664	-1.6124	61.865899999999996
5	68	Mo17/PHW30-013 - (2n)-02	78.1781	77.85320000000002	76.3873	76.38250000000001	-1.0928	77.3386	0.1804	77.8523
5	69	Mo17/PHW30-016 - (2n)-01	64.695	69.10600000000001	70.76769999999999	73.50550000000001	0.5826999999999999	70.8762	-0.928	69.07379999999999
5	70	Mo17/PHW30-016 - (2n)-02	72.4589	78.24640000000001	77.38189999999999	74.93	0.46630000000000005	77.90979999999999	-0.74319	76.4956
5	71	Mo17/PHW30-044 - (2n)-01	54.73180000000001	60.34640000000001	64.4631	61.0967	-0.20400000000000001	62.076499999999996	-0.9311	60.0229
5	72	Mo17/PHW30-044 - (2n)-02	51.24380000000001	66.2903	65.6335	64.28410000000001	-0.19	64.7384	-1.6257000000000001	61.4817
5	73	Mo17/PHW30-075 - (2n)-01	62.2883	67.75900000000001	68.00349999999999	64.8593	-1.0362999999999998	66.1509	-0.30889999999999995	65.3004
5	74	Mo17/PHW30-075 - (2n)-02	36.88880000000001	45.29960000000001	50.6111	53.546	0.7479999999999999	50.8322	-1.3718	47.4706
5	75	Mo17/PHW30-080 - (2n)-01	76.15	76.846	75.3595	77.15090000000001	-0.4489	77.1241	-0.04310000000000003	77.0786
5	76	Mo17/PHW30-080 - (2n)-02	79.1154	75.1332	74.1955	77.57060000000001	-0.9542	76.4532	0.06559999999999999	76.61219999999999
5	77	Mo17/PHW30-081 - (2n)-01	68.70060000000001	70.77270000000001	71.4661	71.63250000000001	-0.49100000000000005	70.8577	-0.25339999999999996	70.31079999999999
5	78	Mo17/PHW30-081 - (2n)-03	59.2828	65.17660000000001	69.02499999999999	70.6649	0.7922999999999999	69.3804	-1.5175	66.30949999999999
5	79	Mo17/PHW30-084 - (2n)-01	40.864700000000006	55.099900000000005	59.2427	61.9295	0.8991999999999999	58.498999999999995	-2.1193999999999997	54.1226
5	80	Mo17/PHW30-084 - (2n)-02	60.84000000000001	64.8665	64.19269999999999	59.4384	0.5801	61.668499999999995	0.5247	62.4887
5	81	Mo17/PHW30-086 - (2n)-01	72.5315	75.8228	74.1579	74.16720000000001	0.15247	74.9921	-0.485	74.03359999999999
5	82	Mo17/PHW30-086 - (2n)-02	72.81370000000001	73.10360000000001	71.32409999999999	72.4162	-0.5154000000000001	73.1441	-0.2518	72.6219
5	83	Mo17/PHW30-089 - (2n)-01	60.63410000000001	65.4368	64.8881	68.5494	0.6925	66.91369999999999	-1.0508	64.764
5	84	Mo17/PHW30-089 - (2n)-02	62.64928000000001	66.1359	68.43419999999999	70.3144	1.0423	68.81219999999999	-0.9829	66.79928
5	85	Mo17/PHW30-091 - (2n)-01	55.33410000000001	66.7844	67.9767	68.44560000000001	1.0107	69.28229999999999	-1.715	65.81099999999999
5	86	Mo17/PHW30-091 - (2n)-02	63.07540000000001	72.144	69.48349999999999	66.97680000000001	-1.5023	68.8374	-0.4157	67.85829999999999
5	87	Mo17/PHW30-094 - (2n)-01	47.41230000000001	58.50010000000001	65.82969999999999	64.5724	0.6651999999999999	63.520799999999994	-2.7907	57.888
5	88	Mo17/PHW30-109 - (2n)-01	49.03170000000001	52.054500000000004	64.0221	63.0597	0.7875	61.2307	-2.3354	56.2369
5	89	Mo17/PHW30-121 - (2n)-02	63.230700000000006	71.7048	71.1742	74.27810000000001	0.5157999999999999	72.5157	-1.6393	69.3364
5	90	Mo17/PHW30-121 - (2n)-03	78.01760000000002	76.2757	76.66099999999999	75.4197	-0.38230000000000003	75.3509	0.39150000000000007	76.1429
5	91	Mo17/PHW30-126 - (2n)-01	55.233700000000006	62.35080000000001	65.66	67.0301	0.7476999999999999	65.2271	-1.496	62.1292
5	92	Mo17/PHW30-126 - (2n)-02	51.596700000000006	59.14500000000001	68.19479999999999	68.7479	0.9202	67.0722	-2.3754	62.3376
5	93	Mo17/PHW30-133 - (2n)-01	51.77550000000001	60.46110000000001	66.15329999999999	67.88709	0.9186	65.3767	-1.7731000000000001	61.8597
5	94	Mo17/PHW30-133 - (2n)-02	66.65270000000001	73.10700000000001	71.04039999999999	70.6684	-0.5759000000000001	70.7619	-0.23949999999999994	70.17809999999999
5	95	Mo17/PHW30-148 - (2n)-01	48.068900000000006	54.51440000000001	65.9914	73.4394	1.6627	66.5996	-3.5951	59.476099999999995
5	96	Mo17/PHW30-148 - (2n)-02	63.5627	67.67660000000001	65.2033	63.7493	-0.6284000000000001	64.7264	-0.12370000000000003	64.3274
5	97	Mo17/PHW30-153 - (2n)-03	72.87540000000001	73.3066	73.96419999999999	75.3665	0.26049999999999995	75.0928	-0.474	74.09379999999999
5	98	Mo17/PHW30-153 - (2n)-04	66.16410000000002	67.3782	68.8072	71.54450000000001	0.3186	69.67859999999999	-0.72807	68.1844
5	99	Mo17/PHW30-157 - (2n)-01	71.43290000000002	73.93740000000001	72.6378	70.6757	-2.0444	72.2492	0.028000000000000025	72.3085
5	100	Mo17/PHW30-160 - (2n)-01	51.154	63.407700000000006	66.95639999999999	68.3606	0.5869000000000001	65.9892	-1.935	62.1625
5	101	Mo17/PHW30-160 - (2n)-02	53.81120000000001	62.741600000000005	63.4439	57.5397	-0.15639999999999998	59.66199999999999	-0.015199999999999991	59.256299999999996
5	102	Mo17/PHW30-184 - (2n)-01	72.3742	78.06030000000001	72.7174	67.4093	-0.3533	71.6878	0.5342000000000001	72.65859999999999
5	103	Mo17/PHW30-184 - (2n)-02	61.412	67.7694	68.58609999999999	66.50250000000001	-0.5405	67.0726	-0.62317	65.6151
5	104	Mo17/PHW30-200 - (2n)-01	73.6378	72.49700000000001	70.79419999999999	71.84750000000001	-1.4074	71.4617	0.1532	71.76539999999999
5	105	Mo17/PHW30-200 - (2n)-02	59.8063	65.1572	70.05059999999999	73.10870000000001	1.1066000000000003	70.34299999999999	-1.6899	67.0503
5	106	Mo17/PHW30-217 - (2n)-01	54.051700000000004	65.79520000000001	66.8964	67.76400000000001	0.4417	66.7298	-1.5735000000000001	63.521499999999996
5	107	Mo17/PHW30-217 - (2n)-02	69.0275	77.9684	72.529	67.37360000000001	-0.041800000000000004	72.0205	0.12870000000000004	72.22259999999999
5	108	Mo17/PHW30-231 - (2n)-01	51.9408	60.39580000000001	61.234500000000004	59.1141	0.23460000000000003	60.03789999999999	-1.0184	57.7694
5	109	Mo17/PHW30-231 - (2n)-03	52.27060000000001	55.57940000000001	59.9643	58.1647	-0.045899999999999996	58.05839999999999	-0.9356	55.8997
5	110	Mo17/PHW30-235 - (2n)-01	60.56420000000001	67.13700000000001	70.2718	68.917	0.13598999999999994	68.78609999999999	-0.9975	66.80373999999999
5	111	Mo17/PHW30-235 - (2n)-02	63.63400000000001	63.935900000000004	63.7002	63.4791	0.6445	63.73819999999999	0.18540000000000012	63.883500000000005
5	112	Mo17/PHW30-248 - (2n)-01	74.8877	76.51840000000001	71.3633	69.2141	0.07886000000000004	71.07159999999999	0.7095000000000001	72.3963
5	113	Mo17/PHW30-248 - (2n)-02	63.6205	71.9359	71.5196	72.35400000000001	1.2688000000000001	71.7167	-0.8351	70.05619999999999
5	114	Mo17/PHW30-254 - (2n)-01	76.72740000000002	74.55860000000001	73.13749999999999	69.80760000000001	0.5113	72.2076	0.8400000000000002	73.776
5	115	Mo17/PHW30-254 - (2n)-02	69.24860000000001	73.2138	72.1981	70.0942	0.21209999999999996	72.02	-0.30899999999999994	71.38229999999999
5	116	Mo17/PHW30-262 - (2n)-01	57.82490000000001	64.70020000000001	71.46749999999999	70.60610000000001	0.5779	69.17099999999999	-1.6412	65.93169999999999
5	117	Mo17/PHW30-262 - (2n)-02	68.6756	70.42290000000001	73.47619999999999	68.21530000000001	-0.5785	70.5347	-0.11560000000000004	70.2794
5	118	Mo17/PHW30-275 - (2n)-01	66.3775	72.06680000000001	71.37899999999999	66.81920000000001	-1.1202	69.3455	-0.04190000000000005	69.17859999999999
5	119	Mo17/PHW30-275 - (2n)-02	71.4854	72.7441	72.6107	74.677	-0.3282	73.475	-0.6806	72.0924
5	120	Mo17/PHW30-279 - (2n)-01	63.5183	64.82910000000001	69.3514	66.1208	-0.6471	66.08619999999999	-0.5115000000000001	64.89089999999999
5	121	Mo17/PHW30-279 - (2n)-02	62.9189	66.26240000000001	68.1698	62.8736	-0.49190000000000006	65.2255	0.1885	65.46029999999999
5	122	Mo17/PHW30-281 - (2n)-01	69.2671	73.07990000000001	76.999	73.051	0.13405999999999996	75.2083	-0.8258	73.6532
5	123	Mo17/PHW30-292 - (2n)-01	65.3638	71.4702	69.9563	69.2976	-0.9265000000000001	69.2952	-0.3214	68.508
5	124	Mo17/PHW30-309 - (2n)-01	46.94010000000001	57.296800000000005	68.4635	73.67490000000001	1.2543000000000002	67.6154	-3.5563	60.6746
5	125	Mo17/PHW30-309 - (2n)-02	67.7859	75.77770000000001	76.9943	74.92630000000001	0.2649	76.4533	-1.2713999999999999	74.035
5	126	Mo17/PHW30-314 - (2n)-01	55.683400000000006	60.98470000000001	64.14989999999999	64.3108	-0.34290000000000004	62.6237	-0.876	60.6686
5	127	Mo17/PHW30-321 - (2n)-01	72.50830000000002	78.6619	75.19109999999999	71.89590000000001	-1.1292	74.32339999999999	0.08250000000000002	74.48159999999999
5	128	Mo17/PHW30-324 - (2n)-01	39.2747	56.21280000000001	61.1079	64.33890000000001	1.0095	61.5393	-3.1603	55.2776
5	129	Mo17/PHW30-324 - (2n)-02	49.541900000000005	55.30190000000001	63.9694	64.4649	0.7361000000000001	61.17999999999999	-2.2177	56.645199999999996
5	130	Mo17/PHW30-332 - (2n)-01	70.9724	72.0314	72.0852	66.20880000000001	0.3547	69.32719999999999	0.5136000000000002	70.1827
5	131	Mo17/PHW30-332 - (2n)-02	64.6977	66.3358	67.0855	70.3288	0.8628999999999999	69.0445	-1.1319	66.79449999999999
5	132	Mo17/PHW30-341 - (2n)-01	55.39340000000001	67.34970000000001	67.23509999999999	60.9103	-0.6323000000000001	63.8756	-0.23909999999999998	63.147600000000004
5	133	Mo17/PHW30-341 - (2n)-02	47.18730000000001	55.757000000000005	60.7134	58.5381	0.4041	58.540099999999995	-1.8115	54.7032
5	134	Mo17/PHW30-389 - (2n)-02	60.6651	68.16000000000001	67.752	65.37270000000001	-0.24230000000000002	67.2522	-0.5623	66.07239999999999
5	135	Mo17/PHW30-389 - (2n)-03	64.1154	67.87490000000001	68.95769999999999	67.3987	-0.12340000000000001	68.0081	-0.67041	66.54799999999999
5	136	Mo17/PHW30-409 - (2n)-01	69.4425	72.9517	72.13499999999999	68.40100000000001	-2.4166	71.2406	0.03820000000000001	71.21669999999999
5	137	Mo17/PHW30-409 - (2n)-02	64.23860000000002	74.85950000000001	71.97789999999999	71.5103	-0.06610000000000005	73.4135	-1.0802	71.26849999999999
5	138	Mo17/PHW30-429 - (2n)-01	59.00350000000001	62.939400000000006	65.88239999999999	62.5244	-0.3724	64.1844	-0.5983	62.730399999999996
5	139	Mo17/PHW30-429 - (2n)-02	43.939800000000005	66.27090000000001	68.5414	66.98750000000001	0.2845	65.9236	-2.4046	61.0881
5	140	Mo17/PHW30-430 - (2n)-01	51.690000000000005	62.42700000000001	60.6059	62.3983	-0.07040000000000002	61.4875	-1.1108	59.0713
5	141	Mo17/PHW30-430 - (2n)-02	56.303200000000004	62.06410000000001	59.0569	59.8969	0.6538	59.8516	-0.14680000000000004	59.3319
5	142	Mo17/PHW30-454 - (2n)-01	62.55050000000001	63.4136	63.3436	71.30550000000001	0.4506	67.64349999999999	-1.1299000000000001	65.32489999999999
5	143	Mo17/PHW30-454 - (2n)-02	65.8732	65.05990000000001	66.4858	67.7393	-0.6224000000000001	66.3327	-0.3454	65.54119999999999
5	144	Mo17/PHW30-455 - (2n)-01	61.530800000000006	70.36470000000001	66.9759	67.191	-0.792	67.1546	-0.75011	65.5697
5	145	Mo17/PHW30-456 - (2n)-01	65.3579	71.53	74.76889999999999	71.8811	-0.47090000000000004	73.2246	-0.79743	71.7191
5	146	Mo17/PHW30-456 - (2n)-02	70.57220000000001	77.13350000000001	75.83779999999999	72.6209	0.2631	74.8517	0.19150000000000011	75.24709999999999
5	217	PHW30/Mo17-003 - (2n)-01	82.74710000000002	78.2385	71.8518	69.11980000000001	1.1774	71.9059	1.79	75.26119999999999
5	218	PHW30/Mo17-010 - (2n)-01	47.08990000000001	56.35170000000001	64.30359999999999	62.5811	0.6165999999999999	61.9297	-2.4878	56.873
5	219	PHW30/Mo17-010 - (2n)-02	47.2683	54.23080000000001	59.2897	55.6731	-0.8264	55.932599999999994	-1.3647	52.961
5	220	PHW30/Mo17-019 - (2n)-01	48.899300000000004	61.075500000000005	61.523	61.3962	0.62	62.450399999999995	-1.7943	58.7406
5	221	PHW30/Mo17-019 - (2n)-02	62.291500000000006	66.4354	64.87089999999999	63.626799999999996	-0.8300000000000001	64.366	-0.04710000000000003	64.05659999999999
5	222	PHW30/Mo17-026 - (2n)-01	63.4823	73.41420000000001	72.204	68.38640000000001	-0.6522000000000001	70.5095	-1.26	67.96039999999999
5	223	PHW30/Mo17-026 - (2n)-02	61.785000000000004	67.3571	70.14299999999999	67.6234	0.13404000000000005	69.13579999999999	-1.1469	66.81321999999999
5	224	PHW30/Mo17-028 - (2n)-01	57.34930000000001	61.722600000000014	64.95859999999999	65.46180000000001	0.3882	64.2152	-0.9909	62.1459
5	225	PHW30/Mo17-028 - (2n)-02	71.1387	75.8601	75.69399999999999	75.75420000000001	0.7333	76.7757	-0.8495	75.16409999999999
5	226	PHW30/Mo17-032 - (2n)-01	76.703	75.84330000000001	69.6952	64.9197	0.7838999999999999	70.0089	1.2337000000000002	72.2781
5	227	PHW30/Mo17-032 - (2n)-02	80.50210000000001	78.1418	70.09639999999999	73.20880000000001	0.4795999999999999	73.8031	0.9724	75.5923
5	228	PHW30/Mo17-033 - (2n)-01	65.90110000000001	70.98970000000001	69.5505	64.1229	0.4437	68.45176	-0.32780000000000004	67.7024
5	229	PHW30/Mo17-037 - (2n)-01	54.6698	64.26450000000001	67.4323	67.605	1.0297999999999998	66.4849	-1.1356	64.06129999999999
5	230	PHW30/Mo17-037 - (2n)-02	52.00650000000001	58.208000000000006	66.5504	72.15750000000001	1.2255000000000003	66.6258	-2.6569	61.353899999999996
5	231	PHW30/Mo17-049 - (2n)-01	50.85530000000001	57.605500000000006	62.9889	66.2116	2.1349	63.2934	-2.0065	59.158
5	232	PHW30/Mo17-049 - (2n)-02	52.330600000000004	58.847300000000004	67.35849999999999	68.4282	1.1131000000000002	65.9735	-2.2605999999999997	61.4857
5	233	PHW30/Mo17-050 - (2n)-01	52.4605	65.6148	66.0563	67.98570000000001	0.5123	66.9564	-1.8109	63.360800000000005
5	234	PHW30/Mo17-050 - (2n)-02	65.84030000000001	69.91810000000001	71.7401	69.9089	-0.3986	70.8643	-0.3705	70.05799999999999
5	235	PHW30/Mo17-051 - (2n)-01	66.29740000000001	64.06020000000001	67.00949999999999	66.06840000000001	-0.44839999999999997	65.941	-0.032399999999999984	65.6232
5	236	PHW30/Mo17-051 - (2n)-02	74.67260000000002	72.5079	73.0945	69.6877	0.5744999999999999	71.0945	0.2913	71.5491
5	237	PHW30/Mo17-054 - (2n)-01	64.08080000000001	71.86500000000001	70.80009999999999	72.2509	0.5364	71.7742	-1.0968	69.60029999999999
5	238	PHW30/Mo17-054 - (2n)-02	75.0855	76.28	73.9636	69.824700000000007	-0.7716000000000001	73.553	0.3738	74.2255
5	239	PHW30/Mo17-059 - (2n)-01	72.62020000000001	74.28110000000001	74.10579999999999	77.38480000000001	1.6842000000000001	75.95309999999999	-0.67281	74.70129999999999
5	240	PHW30/Mo17-059 - (2n)-02	74.25919999999999	77.7467	74.9343	73.89120000000001	-0.4983	75.1385	0.1592	75.3886
5	241	PHW30/Mo17-061 - (2n)-01	64.21770000000001	66.5973	65.30149999999999	67.59660000000001	-0.2223	65.4491	-0.5703	64.2084
5	242	PHW30/Mo17-061 - (2n)-02	47.181400000000004	60.69220000000001	60.510600000000004	58.3866	-0.7044999999999999	59.126	-1.1657	56.593799999999995
5	243	PHW30/Mo17-064 - (2n)-01	59.276	69.1496	68.1309	61.7956	-1.552	64.1035	-0.014700000000000046	63.899499999999996
5	244	PHW30/Mo17-064 - (2n)-02	61.2884	76.61130000000001	74.2418	71.7745	-0.8106	73.41329999999999	-0.9662999999999999	71.46079999999999
5	245	PHW30/Mo17-076 - (2n)-01	47.589200000000005	58.826600000000006	61.2545	59.6289	0.11499000000000004	59.5787	-1.3365	56.7149
5	246	PHW30/Mo17-076 - (2n)-02	54.80830000000001	65.8491	65.3911	63.2894	0.14103	65.0474	-0.9564	63.028600000000004
5	247	PHW30/Mo17-077 - (2n)-01	65.4059	68.0836	70.38799999999999	68.7326	0.5174	68.79549999999999	-0.60253	67.51839999999999
5	248	PHW30/Mo17-077 - (2n)-02	66.827	69.48370000000001	69.21225999999999	66.81970000000001	-0.7666999999999999	68.1625	-0.2864	67.54849999999999
5	249	PHW30/Mo17-085 - (2n)-01	68.87020000000001	77.46180000000001	77.24029999999999	72.1967	-0.8513	74.90429999999999	-0.28900000000000003	74.40289999999999
5	250	PHW30/Mo17-088 - (2n)-01	63.34640000000001	72.9714	76.2114	69.143	-0.2817	72.58919999999999	-0.4709	71.586
5	251	PHW30/Mo17-088 - (2n)-02	71.25800000000001	73.27090000000001	74.20849999999999	73.47670000000001	-0.2906	73.5971	-0.5533	72.43679999999999
5	252	PHW30/Mo17-089 - (2n)-01	67.1549	74.4397	75.83059999999999	77.7866	0.473	76.039	-1.3033000000000001	73.5491
5	253	PHW30/Mo17-089 - (2n)-02	66.6873	74.9491	75.6223	76.5519	0.34029999999999994	75.6377	-1.6038999999999999	72.59649999999999
5	254	PHW30/Mo17-095 - (2n)-01	47.624700000000004	58.61380000000001	60.9068	61.0266	0.45709999999999995	60.2788	-1.5848	56.9319
5	255	PHW30/Mo17-095 - (2n)-02	47.66030000000001	59.62580000000001	63.7753	62.2121	0.368	61.54899999999999	-1.7731000000000001	57.7962
5	256	PHW30/Mo17-099 - (2n)-01	52.205000000000005	66.1235	65.6519	68.3049	0.3852	66.413	-2.0987	62.141799999999996
5	257	PHW30/Mo17-099 - (2n)-02	60.06910000000001	62.33770000000001	61.0835	61.054899999999996	-0.24460000000000004	61.1832	-0.11229999999999996	60.6826
5	258	PHW30/Mo17-101 - (2n)-01	49.768800000000006	59.046800000000005	66.04799999999999	64.6156	0.4222	63.4387	-2.2053	58.9747
5	259	PHW30/Mo17-101 - (2n)-02	73.8063	78.6962	73.9232	67.3422	0.27880000000000005	71.2952	1.0411000000000001	73.1493
5	260	PHW30/Mo17-107 - (2n)-01	73.548	78.30980000000001	78.844	75.47840000000001	-0.2854	76.8809	-0.0021999999999999797	76.89559999999999
5	261	PHW30/Mo17-107 - (2n)-02	69.0001	71.96640000000001	73.40939999999999	70.5768	-0.839	71.3862	-0.10519999999999996	71.10489999999999
5	262	PHW30/Mo17-110 - (2n)-03	58.1621	56.55830000000001	61.6056	64.55430000000001	0.00655	58.3792	-0.8702	56.4098
5	263	PHW30/Mo17-113 - (2n)-01	79.6799	82.52090000000001	78.79109999999999	74.8263	-0.1008	77.4593	0.7653000000000002	78.99359999999999
5	264	PHW30/Mo17-113 - (2n)-02	57.088100000000004	67.2489	69.16606999999999	70.22460000000001	0.7007	69.116	-1.7661	65.63359999999999
5	265	PHW30/Mo17-129 - (2n)-01	70.1566	78.35860000000001	79.1826	80.944	0.8618	80.637199999999993	-1.6878	77.4725
5	266	PHW30/Mo17-129 - (2n)-02	43.382600000000004	64.11730000000001	72.04029999999999	79.78500000000001	1.1818	74.1074	-4.7438	64.859
5	267	PHW30/Mo17-136 - (2n)-01	72.5609	73.92940000000002	74.07379999999999	73.05550000000001	-0.1985	74.22109999999999	-0.32680000000000003	73.65169999999999
5	268	PHW30/Mo17-136 - (2n)-02	70.66910000000001	75.35180000000001	73.74159999999999	68.47340000000001	-0.7838	72.0672	0.26359999999999995	72.58819999999999
5	269	PHW30/Mo17-139 - (2n)-01	51.89600000000001	67.61810000000001	64.20039999999999	64.0366	-0.19140000000000001	64.1111	-1.3639000000000001	61.4241
5	270	PHW30/Mo17-139 - (2n)-02	60.64700000000001	67.3768	69.7037	68.1285	0.003369999999999984	68.63109999999999	-1.2518	66.06549999999999
5	271	PHW30/Mo17-141 - (2n)-01	54.118900000000004	58.575300000000006	61.7553	59.7347	-0.08320000000000005	59.878	-0.8885	57.874
5	272	PHW30/Mo17-141 - (2n)-02	58.817800000000005	62.42700000000001	64.8758	66.4127	0.8664	65.2759	-1.2094	62.7468
5	273	PHW30/Mo17-142 - (2n)-01	63.48080000000001	68.44309000000001	71.8338	66.6122	-0.6502000000000001	68.1335	-0.43120000000000003	67.2057
5	274	PHW30/Mo17-155 - (2n)-01	57.374100000000006	65.04360000000001	70.6609	72.3746	1.2338	70.32679999999999	-1.9061	66.5101
5	275	PHW30/Mo17-155 - (2n)-02	43.61560000000001	48.848200000000006	58.3145	61.3409	1.3460999999999999	57.0838	-2.904	51.1981
5	276	PHW30/Mo17-157 - (2n)-01	60.6908	60.313900000000004	65.84639999999999	66.83260000000001	0.9185	64.8005	-1.5072	61.7733
5	277	PHW30/Mo17-157 - (2n)-02	67.9142	71.56830000000001	72.19229999999999	69.9307	0.36839999999999995	71.2919	-0.5041	70.24719999999999
5	278	PHW30/Mo17-160 - (2n)-01	62.4176	64.74180000000001	63.8491	59.5974	-0.2862	61.5365	0.12080000000000002	61.5437
5	279	PHW30/Mo17-160 - (2n)-02	46.7888	62.9093	62.5696	61.347	0.3802	63.0331	-2.1221	58.7057
5	280	PHW30/Mo17-161 - (2n)-01	71.4451	70.0819	71.17399999999999	72.99380000000001	-1.4038	70.46719999999999	-0.06389999999999996	70.2665
5	281	PHW30/Mo17-161 - (2n)-02	55.269600000000004	65.52010000000001	66.19539999999999	64.53540000000001	-0.016790000000000027	64.62209999999999	-1.2553	61.9456
5	282	PHW30/Mo17-165 - (2n)-01	60.05950000000001	68.9017	67.24189999999999	63.9596	-1.9870999999999999	65.6987	-0.31479999999999997	64.88239999999999
5	283	PHW30/Mo17-165 - (2n)-02	48.684400000000004	60.01290000000001	60.0625	59.7979	-0.003080000000000027	59.055499999999995	-1.0252	56.8462
5	284	PHW30/Mo17-166 - (2n)-01	80.91220000000001	82.06160000000001	76.3976	73.7245	0.9785	76.4397	1.1484	78.63879999999999
5	285	PHW30/Mo17-178 - (2n)-01	77.2063	78.4364	74.73639999999999	74.13050000000001	0.6224	75.4941	0.4366000000000002	76.31129999999999
5	286	PHW30/Mo17-178 - (2n)-02	73.9342	74.81250000000001	71.2632	65.1285	0.03961999999999999	68.32809999999999	0.9680000000000001	70.11179999999999
5	287	PHW30/Mo17-179 - (2n)-01	66.6094	67.53750000000001	66.9566	67.36710000000001	-0.3487	67.6492	-0.12980000000000003	67.33789999999999
5	288	PHW30/Mo17-187 - (2n)-01	78.7108	77.63990000000001	76.0696	70.9411	0.9447	74.0234	1.0123000000000002	75.94839999999999
5	289	PHW30/Mo17-187 - (2n)-02	78.2165	79.86540000000001	76.2144	71.0982	0.6809999999999999	74.3069	1.0253	76.2533
5	290	PHW30/Mo17-188 - (2n)-01	69.8227	74.47600000000001	74.2196	73.91890000000001	-0.054800000000000015	74.3755	-0.8054	72.85749999999999
5	291	PHW30/Mo17-194 - (2n)-01	55.86580000000001	65.0977	64.0084	62.9443	-0.9746	62.963899999999995	-0.3673	61.9903
5	292	PHW30/Mo17-194 - (2n)-02	65.12800000000001	66.3114	62.1775	60.1496	0.052139999999999964	61.67699999999999	0.8631000000000001	63.069300000000005
5	293	PHW30/Mo17-195 - (2n)-01	44.17430000000001	50.206100000000006	55.2703	53.2371	0.7980999999999999	53.3306	-1.4398	50.1129
5	294	PHW30/Mo17-195 - (2n)-02	40.63890000000001	59.06380000000001	59.9301	60.4313	0.17589999999999995	59.20399999999999	-2.1656999999999997	54.643
5	295	PHW30/Mo17-234 - (2n)-01	78.0206	78.5553	72.8724	73.58670000000001	0.6657000000000001	74.2516	0.7881000000000001	75.6655
5	296	PHW30/Mo17-234 - (2n)-02	79.81560000000002	79.58590000000001	78.86949999999999	76.69220000000001	-0.7178	79.0308	0.10629999999999995	79.354
5	297	PHW30/Mo17-242 - (2n)-01	74.61700000000002	77.77640000000001	73.40839999999999	69.793	0.25559999999999994	72.5916	0.7055000000000001	73.84849999999999
5	298	PHW30/Mo17-242 - (2n)-02	64.31720000000001	71.566	70.9362	72.5734	0.35950000000000004	71.97	-0.9329	70.0773
5	299	PHW30/Mo17-252 - (2n)-01	60.8873	71.7279	69.15619	61.4688	-2.1111999999999997	66.0972	-0.18530000000000002	65.5175
5	300	PHW30/Mo17-252 - (2n)-02	66.10060000000001	67.7642	71.97479999999999	74.0079	0.3666999999999999	71.62729999999999	-1.0472000000000001	69.5556
5	301	PHW30/Mo17-266 - (2n)-01	69.6292	74.66990000000001	76.30829999999999	77.6285	0.9488	77.1548	-1.2682	74.75399999999999
5	302	PHW30/Mo17-278 - (2n)-01	61.23300000000001	66.3186	66.978	58.7554	-1.1770999999999998	62.9075	0.36350000000000005	63.336999999999996
5	303	PHW30/Mo17-278 - (2n)-02	55.560300000000005	62.6456	67.2735	63.9098	0.4053	65.15079999999999	-1.3114	62.42979999999999
5	304	PHW30/Mo17-297 - (2n)-01	67.31280000000001	71.5237	69.65559999999999	67.9903	-1.0617999999999999	69.0512	-0.023600000000000065	68.91629999999999
5	305	PHW30/Mo17-298 - (2n)-01	63.396300000000004	68.17510000000001	66.86219999999999	62.3625	-0.7793000000000001	64.4301	0.18420000000000003	64.63839999999999
5	306	PHW30/Mo17-299 - (2n)-01	77.83500000000001	79.4024	72.94999999999999	67.6821	0.8467999999999999	72.5	1.2448000000000001	74.8445
5	307	PHW30/Mo17-299 - (2n)-02	63.69220000000001	69.4796	70.27749999999999	64.3708	-0.1867	67.88159999999999	0.2461000000000001	68.28899999999999
5	308	PHW30/Mo17-304 - (2n)-02	68.39320000000001	71.2592	67.65599999999999	62.8232	0.5677	66.8784	0.8312	68.35149999999999
5	309	PHW30/Mo17-308 - (2n)-01	75.8304	78.69910000000002	78.81139999999999	76.5861	-0.7361	78.4915	-0.14690000000000003	78.279
5	310	PHW30/Mo17-308 - (2n)-02	76.5824	79.01280000000001	78.2944	72.40050000000001	-1.8377	75.4554	0.44830000000000003	76.37819999999999
5	311	PHW30/Mo17-315 - (2n)-01	78.2123	76.36510000000001	75.38799999999999	75.8716	-0.2841	75.9105	0.2629	76.46789999999999
5	312	PHW30/Mo17-315 - (2n)-02	80.7679	79.38250000000001	69.21825999999999	71.23450000000001	0.46830000000000005	72.3554	1.4285	75.08129999999998
