Pop	Gen2	Pedigree	ULA	TUELA	FUELA	MLA	Avg_LA	lin_rsq_t	lin_a	lin_b1
1	4	B73/PHW30-026 - (2n)-01	80.42970000000001	81.88369999999999	77.347	65.0903	1	1.4529	72.0589	-2.1971000000000003
1	5	B73/PHW30-036 - (2n)-01	70.95620000000001	67.8817	60.805699999999995	70.1438	5	-4.588500000000002	66.987	-0.18000000000000005
1	6	B73/PHW30-036 - (2n)-02	77.0233	72.446	73.8429	71.6622	5	1.2412999999999998	72.8543	-0.7476000000000002
1	7	B73/PHW30-041 - (2n)-01	67.9852	65.0611	73.0488	63.289500000000004	5	-2.4835000000000003	66.60799999999999	-0.38080000000000014
1	8	B73/PHW30-063 - (2n)-01	77.956	74.61671	72.2736	60.470299999999995	8.999999999997929	2.5611999999999995	66.9383	-2.3469
1	9	B73/PHW30-063 - (2n)-02	67.7348	67.07209999999999	64.71669999999999	65.4665	5	0.6191999999999998	65.58319999999999	-0.29680000000000006
1	10	B73/PHW30-064 - (2n)-01	78.13220000000001	74.89869999999999	70.53439999999999	62.295500000000004	5	3.8729999999999998	67.4577	-2.2072000000000003
1	11	B73/PHW30-064 - (2n)-02	74.2485	71.923	69.9379	67.9023	8.999999999997929	5.1095	69.4307	-0.9435000000000001
1	12	B73/PHW30-068 - (2n)-01	72.30260000000001	68.283	63.452299999999994	57.98350000000001	8.99999999999794	5.4655	62.0946	-2.1884
1	13	B73/PHW30-068 - (2n)-02	69.8276	71.003	67.6706	64.3187	5	1.5568999999999997	66.8592	-1.0085000000000002
1	14	B73/PHW30-092 - (2n)-01	78.59630000000001	80.4144	80.51889999999999	70.2212	1	0.3698999999999999	75.5363	-1.3259000000000003
1	15	B73/PHW30-097 - (2n)-01	57.95530000000001	61.5372	67.9876	68.8041	1	2.1635	66.6639	1.6690999999999998
1	16	B73/PHW30-097 - (2n)-02	67.8943	74.53043	72.25959999999999	75.5217	5	0.5579000000000001	74.1818	0.8741
1	17	B73/PHW30-098 - (2n)-01	68.4556	72.00869999999999	76.1426	70.6292	8.999999999997929	-3.3649000000000004	72.6365	0.23339999999999972
1	18	B73/PHW30-098 - (2n)-03	75.70370000000001	79.5533	77.5727	76.72760000000001	8.99999999999794	-3.6753	77.3822	0.05619999999999992
1	19	B73/PHW30-100 - (2n)-01	82.465	77.73509999999999	69.97919999999999	70.73610000000001	1	1.4358	72.2093	-1.7679
1	20	B73/PHW30-100 - (2n)-02	83.0618	81.7571	79.2572	76.0845	5	4.5789	78.1747	-1.0250000000000001
1	21	B73/PHW30-102 - (2n)-01	80.30210000000001	80.0646	72.76849999999999	67.7569	8.999999999997929	2.2276999999999996	71.75999999999999	-1.9187000000000003
1	22	B73/PHW30-102 - (2n)-03	78.38220000000001	80.5256	81.88449999999999	74.0545	1	-0.8794000000000004	77.5728	-0.6098
1	23	B73/PHW30-141 - (2n)-01	79.7308	80.16659999999999	78.3432	73.8208	8.99999999999792	1.6138999999999997	76.471	-0.9234000000000001
1	24	B73/PHW30-152 - (2n)-01	61.94420000000001	68.98559999999999	63.23519999999999	64.9091	5	-5.5784	64.9927	0.08719999999999983
1	25	B73/PHW30-154 - (2n)-01	81.05340000000001	81.1544	79.414	68.8383	1	1.3016	74.43419999999999	-1.6554000000000002
1	26	B73/PHW30-163 - (2n)-01	76.11580000000001	72.96159999999999	71.9837	73.5019	1	-1.3483	73.0195	-0.29480000000000006
1	27	B73/PHW30-163 - (2n)-02	75.18650000000001	77.13969999999999	75.6541	71.8639	1	0.22719999999999985	74.0152	-0.5856
1	28	B73/PHW30-166 - (2n)-01	82.58050000000001	83.0427	77.3697	67.6955	8.999999999997929	2.0782999999999996	73.713	-2.1796
1	29	B73/PHW30-183 - (2n)-01	82.5062	79.3437	75.17519999999999	71.6861	1	4.3327	74.3485	-1.5757000000000003
1	30	B73/PHW30-183 - (2n)-02	81.6508	74.3313	63.840599999999995	65.4474	8.999999999997929	1.2748999999999997	67.07639999999999	-2.4645
1	31	B73/PHW30-186 - (2n)-01	81.80330000000001	78.94839999999999	69.9759	70.3854	8.99999999999792	1.3466	72.2178	-1.80626
1	32	B73/PHW30-186 - (2n)-02	72.3131	71.8831	65.1369	58.52590000000001	1	2.4974	63.2303	-2.0738000000000003
1	33	B73/PHW30-196 - (2n)-01	82.02250000000001	79.1669	76.5114	77.0453	5	0.6183000000000001	77.3934	-0.6787000000000002
1	34	B73/PHW30-201 - (2n)-01	75.0318	71.4139	69.0842	64.8061	8.99999999999792	5.364	67.5887	-1.4669000000000003
1	35	B73/PHW30-207 - (2n)-01	64.72550000000001	65.6899	63.081599999999995	57.2701	1	1.4566	60.71249999999999	-1.1720000000000002
1	36	B73/PHW30-207 - (2n)-02	70.4192	69.0264	68.0307	67.9058	5	0.359	68.2117	-0.2794000000000002
1	37	B73/PHW30-211 - (2n)-01	77.58760000000001	70.0911	70.6219	71.1234	1	-0.5038	71.12899999999999	-0.7586
1	38	B73/PHW30-211 - (2n)-03	78.9564	75.54339999999999	70.6792	61.605000000000004	5	4.127599999999999	67.4038	-2.5607
1	39	B73/PHW30-226 - (2n)-01	78.95460000000001	79.62769999999999	76.3183	66.64320000000001	8.99999999999792	1.6631	72.3888	-1.952
1	40	B73/PHW30-237 - (2n)-01	76.86000000000001	70.6464	63.8249	53.7854	1	7.0522	60.5706	-3.3045000000000004
1	41	B73/PHW30-237 - (2n)-02	82.4595	79.96539999999999	70.21379999999999	62.49250000000001	8.999999999997911	3.3459999999999996	68.41369999999999	-3.027
1	42	B73/PHW30-252 - (2n)-01	82.51950000000001	77.9323	63.1046	59.0078	8.99999999999792	2.3869999999999996	64.3048	-3.6617
1	43	B73/PHW30-256 - (2n)-01	84.0883	80.21379999999999	74.7132	69.5721	1	4.0701	73.1746	-2.0824000000000003
1	44	B73/PHW30-258 - (2n)-01	82.066	75.41369999999999	72.23649999999999	65.2457	5	4.071899999999999	69.7594	-2.3173000000000004
1	45	B73/PHW30-258 - (2n)-02	77.3138	72.369	61.15769999999999	68.0509	5	-0.06620000000000026	67.0681	-1.5621
1	46	B73/PHW30-285 - (2n)-01	74.28960000000001	78.3671	71.1356	65.8334	8.9999999999979	0.9521999999999999	69.93124	-1.4718
1	47	B73/PHW30-288 - (2n)-01	86.00280000000001	87.42869999999999	77.2101	69.7425	1	2.1815999999999995	75.545	-2.5178000000000003
1	48	B73/PHW30-288 - (2n)-02	83.9487	82.21039999999999	77.0649	72.9123	8.99999999999794	2.9724999999999997	76.2225	-1.7145800000000002
1	49	B73/PHW30-302 - (2n)-01	78.46060000000001	81.5714	73.3339	68.91850000000001	5	1.1923999999999997	72.9319	-1.74756
1	50	B73/PHW30-302 - (2n)-02	65.23660000000001	67.481	61.4586	64.2642	1	-0.9165999999999999	64.2103	-0.4679000000000001
1	51	B73/PHW30-316 - (2n)-01	82.9338	81.5894	74.7355	69.3288	1	3.1487999999999996	73.4431	-2.0754
1	52	B73/PHW30-348 - (2n)-01	67.10730000000001	69.4587	72.19149999999999	60.45140000000001	5	-1.0684000000000005	65.8102	-0.8950000000000001
1	53	B73/PHW30-368 - (2n)-01	77.4688	76.4216	72.8924	63.3806	8.99999999999794	2.3463999999999996	68.9106	-2.0142
1	54	B73/PHW30-368 - (2n)-02	80.1851	80.8513	77.3104	72.0646	1	1.9061	75.4212	-1.2918000000000003
1	55	B73/PHW30-385 - (2n)-01	75.4848	73.91069999999999	69.88109999999999	62.2491	5	2.9806999999999997	66.9742	-1.86421
1	56	B73/PHW30-385 - (2n)-03	77.20320000000001	72.6066	62.5646	63.9791	8.99999999999795	1.2872999999999997	65.5111	-2.0851
1	57	B73/PHW30-392 - (2n)-01	78.26620000000001	76.69959999999999	67.7359	66.0261	5	2.0378999999999996	68.7999	-1.9736000000000002
1	58	B73/PHW30-396 - (2n)-01	78.63910000000001	71.3334	65.56719999999999	62.2257	5	2.5611999999999995	65.4623	-2.3817000000000004
1	59	B73/PHW30-396 - (2n)-02	68.6949	69.9538	55.936899999999994	55.403000000000006	8.99999999999792	1.0968999999999998	58.594899999999996	-2.2873
1	60	B73/PHW30-409 - (2n)-01	56.91460000000001	63.15639999999999	60.29559999999999	68.1592	8.999999999997929	0.7330999999999999	64.7531	1.2586999999999997
1	61	B73/PHW30-409 - (2n)-02	69.7476	74.69239999999999	68.0829	62.6319	5	0.47940000000000005	66.7646	-1.3961000000000001
1	62	B73/PHW30-412 - (2n)-01	75.13440000000001	71.93799999999999	72.9563	74.4669	1	-2.6029	73.5193	0.10239999999999994
1	63	B73/PHW30-412 - (2n)-02	67.5121	73.9183	73.39269999999999	68.1849	5	-6.876000000000001	70.64659999999999	-1.1102230246251565e-16
1	147	PHW30/B73-002 - (2n)-01	74.9843	78.39179999999999	70.6189	71.2701	1	-0.4590000000000005	72.1443	-0.7680000000000001
1	148	PHW30/B73-002 - (2n)-02	65.99430000000001	66.46209999999999	65.64089999999999	49.399100000000004	1	0.8178999999999998	57.8309	-2.3528000000000002
1	149	PHW30/B73-009 - (2n)-01	70.4445	69.2213	69.8162	75.3091	1	0.32499999999999973	72.4697	0.6858999999999998
1	150	PHW30/B73-009 - (2n)-02	73.5116	73.7081	76.6917	75.6684	1	0.9859	75.5289	0.4225
1	151	PHW30/B73-015 - (2n)-01	65.45370000000001	76.033	74.21589999999999	66.73700000000001	8.99999999999795	-5.2255	70.58109999999999	-0.12440000000000018
1	152	PHW30/B73-015 - (2n)-02	61.03840000000001	73.932	64.7863	64.2699	1	-5.5158000000000005	65.8336	0.06319999999999981
1	153	PHW30/B73-029 - (2n)-01	68.01480000000001	64.856	68.57169999999999	70.1306	5	-0.8505000000000003	68.704	0.4181999999999998
1	154	PHW30/B73-045 - (2n)-01	67.24650000000001	68.47359999999999	63.93919999999999	66.63640000000001	8.99999999999794	-1.3392999999999997	66.17099999999999	-0.2712000000000002
1	155	PHW30/B73-055 - (2n)-01	65.88340000000001	66.5454	65.73259999999999	60.460899999999995	1	0.7073	63.16839999999999	-0.6877000000000001
1	156	PHW30/B73-055 - (2n)-02	64.0443	72.6254	71.58059999999999	66.3499	8.99999999999794	-7.919400000000001	69.0913	0.012699999999999823
1	157	PHW30/B73-060 - (2n)-01	75.5903	76.1554	72.73989999999999	71.8232	8.99999999999792	1.5069999999999997	73.1746	-0.7552000000000002
1	158	PHW30/B73-060 - (2n)-02	71.5815	72.4563	71.56989999999999	65.8544	5	0.8329999999999997	68.8977	-0.8797000000000001
1	159	PHW30/B73-066 - (2n)-01	78.40070000000001	67.5531	59.0442	61.9387	5	0.7546999999999997	62.7166	-2.3382
1	160	PHW30/B73-066 - (2n)-02	75.1885	70.6777	70.7367	62.05460000000001	1	2.1594999999999995	66.5988	-1.7968900000000003
1	161	PHW30/B73-078 - (2n)-01	79.80470000000001	79.56269999999999	72.5085	66.1707	1	2.5839999999999996	70.91239999999999	-2.0992
1	162	PHW30/B73-078 - (2n)-02	80.549	78.67139999999999	73.2782	64.9134	5	3.2085999999999997	70.3977	-2.3026
1	163	PHW30/B73-097 - (2n)-01	75.8722	77.7119	76.7926	74.99340000000001	5	-0.843	76.03099999999999	-0.2190000000000002
1	164	PHW30/B73-097 - (2n)-02	82.9458	83.097	78.65039999999999	76.5369	1	2.3773	78.5182	-1.0676
1	165	PHW30/B73-121 - (2n)-01	76.9711	76.181	76.2725	65.67830000000001	8.999999999997929	1.2742999999999998	71.1272	-1.6214
1	166	PHW30/B73-138 - (2n)-01	76.0391	69.4307	58.769499999999994	60.282300000000006	1	1.1458	62.049499999999995	-2.4399
1	167	PHW30/B73-139 - (2n)-01	75.9432	72.0013	65.7692	72.4638	8.99999999999795	-1.3269000000000002	70.5232	-0.6245000000000002
1	168	PHW30/B73-139 - (2n)-02	73.93860000000001	69.8873	65.06419999999999	66.7261	5	0.4390999999999998	66.9953	-1.0305
1	169	PHW30/B73-143 - (2n)-01	61.5043	57.49679999999999	58.0616	64.327	8.99999999999794	-1.5742000000000003	61.2863	0.47899999999999976
1	170	PHW30/B73-157 - (2n)-01	65.29090000000001	71.4978	74.1429	74.494	5	1.4038	73.6285	1.2409
1	171	PHW30/B73-157 - (2n)-03	71.7745	77.05359999999999	74.27969999999999	72.5216	5	-10.338700000000001	73.74669999999999	-0.031600000000000183
1	172	PHW30/B73-161 - (2n)-01	67.08080000000001	76.03699999999999	74.3061	72.55460000000001	5	-1.8460999999999999	73.4656	0.5097999999999999
1	173	PHW30/B73-161 - (2n)-02	62.32600000000001	72.0394	68.8565	68.7904	8.99999999999795	-1.2067000000000005	69.19879999999999	0.6407999999999997
1	174	PHW30/B73-169 - (2n)-01	67.8225	56.76639999999999	53.730199999999996	55.0328	1	0.43100000000000005	55.3392	-1.6726
1	175	PHW30/B73-169 - (2n)-02	69.29020000000001	63.872699999999995	67.2105	62.174099999999996	1	0.2710999999999997	64.1583	-0.8039000000000001
1	176	PHW30/B73-184 - (2n)-01	78.45410000000001	73.441	69.2415	61.301	5	7.5562000000000005	66.4508	-2.4843
1	177	PHW30/B73-184 - (2n)-02	55.29560000000001	67.87039999999999	60.77889999999999	51.8819	8.99999999999794	-1.4423000000000004	57.5676	-1.0332000000000001
1	178	PHW30/B73-193 - (2n)-01	84.6259	81.508	71.0056	68.4392	1	2.2665999999999995	72.2179	-2.6261
1	179	PHW30/B73-204 - (2n)-01	78.30810000000001	76.17269999999999	71.76655	64.861	5	3.6026999999999996	69.4234	-2.0244
1	180	PHW30/B73-221 - (2n)-01	52.7217	61.885999999999996	59.363299999999995	52.463300000000004	8.99999999999796	-5.030900000000001	56.026199999999996	-0.1706000000000002
1	181	PHW30/B73-221 - (2n)-02	61.74940000000001	72.8684	65.1575	61.2517	5	-2.3468999999999998	64.4842	-0.5494
1	182	PHW30/B73-232 - (2n)-01	78.91460000000001	80.52579999999999	71.9799	74.8194	5	-0.27580000000000027	75.1708	-0.8512000000000001
1	183	PHW30/B73-232 - (2n)-02	70.3096	66.4078	66.7632	65.5607	5	0.4905999999999997	66.3279	-0.5902000000000002
1	184	PHW30/B73-241 - (2n)-01	80.31460000000001	82.7498	75.4849	67.554	1	1.7466999999999997	73.04679999999999	-2.0455
1	185	PHW30/B73-241 - (2n)-02	62.52550000000001	64.2057	56.95609999999999	55.9178	5	1.2403	57.8557	-1.0862000000000003
1	186	PHW30/B73-243 - (2n)-02	74.65100000000001	79.0227	70.6755	67.1944	1	0.5164999999999997	70.5878	-1.3557000000000001
1	187	PHW30/B73-269 - (2n)-01	69.6507	70.0874	65.58529999999999	57.6326	5	2.1068	62.459999999999994	-1.7115200000000002
1	188	PHW30/B73-287 - (2n)-01	77.1773	74.74799999999999	72.6169	70.3075	1	4.9532	72.2096	-1.0982
1	189	PHW30/B73-287 - (2n)-02	72.20790000000001	72.6325	66.7802	68.00540000000001	1	0.08699999999999974	68.3066	-0.7268
1	190	PHW30/B73-289 - (2n)-01	72.3998	70.529	68.6027	63.5719	5	3.2199999999999998	66.5829	-1.2982
1	191	PHW30/B73-289 - (2n)-02	65.0336	78.41579999999999	68.7049	63.635400000000004	5	-2.2584	67.42229999999999	-0.6841
1	192	PHW30/B73-292 - (2n)-01	67.58200000000001	61.2877	65.6056	55.7903	1	0.3622000000000001	59.99589999999999	-1.3067000000000002
1	193	PHW30/B73-302 - (2n)-01	73.97770000000001	71.0197	62.9663	56.4729	8.99999999999797	3.78142	61.42099999999999	-2.5168000000000004
1	194	PHW30/B73-302 - (2n)-02	77.02690000000001	72.017	64.0813	60.170500000000004	8.99999999999797	3.1423999999999994	64.1707	-2.6127000000000002
1	195	PHW30/B73-311 - (2n)-01	70.3018	67.54169999999999	62.20609999999999	63.119299999999996	1	1.4754999999999998	63.8647	-1.1466
1	196	PHW30/B73-311 - (2n)-02	80.22980000000001	74.8367	73.94109999999999	73.0463	8.99999999999796	1.3070999999999997	73.8896	-0.9730000000000001
1	197	PHW30/B73-324 - (2n)-01	78.92380000000001	68.3357	66.6168	61.8828	5	1.8674999999999997	64.9474	-2.2404
1	198	PHW30/B73-326 - (2n)-01	77.7668	83.78869999999999	76.1244	66.7825	5	0.4914999999999998	72.8339	-1.79249
1	199	PHW30/B73-326 - (2n)-02	79.5879	75.44879999999999	66.8716	59.885400000000004	5	3.6319	65.0615	-2.8908
1	200	PHW30/B73-341 - (2n)-01	70.67620000000001	63.58069999999999	65.9005	64.3951	8.999999999997929	-0.2978000000000005	64.8694	-0.684
1	201	PHW30/B73-341 - (2n)-02	57.977500000000006	68.47699999999999	72.2944	67.8576	1	-0.5806000000000004	68.9254	1.2542
1	202	PHW30/B73-349 - (2n)-01	81.86030000000001	82.8432	81.6789	73.0617	8.99999999999794	0.8734999999999999	77.3453	-1.2501000000000002
1	203	PHW30/B73-351 - (2n)-01	61.6212	65.98469999999999	58.6275	65.04350000000001	8.99999999999794	-3.7171000000000003	63.0813	0.19079999999999997
1	204	PHW30/B73-351 - (2n)-02	63.38180000000001	62.6767	65.5201	68.0048	8.99999999999794	1.3457	66.17869999999999	0.8158
1	205	PHW30/B73-355 - (2n)-01	74.94680000000001	74.85929999999999	74.1101	74.19460000000001	1	4.189699999999999	74.3153	-0.1665000000000002
1	206	PHW30/B73-355 - (2n)-02	74.59110000000001	70.689	65.2712	64.4993	8.99999999999794	1.7849999999999997	66.24029999999999	-1.5493000000000001
1	207	PHW30/B73-372 - (2n)-01	75.49080000000001	68.6874	71.02969999999999	65.7341	5	0.3958999999999997	68.1655	-1.1001
1	208	PHW30/B73-372 - (2n)-02	81.6624	79.9447	74.8192	70.4297	8.99999999999794	3.0287999999999995	73.85459999999999	-1.74193
1	209	PHW30/B73-390 - (2n)-01	75.0039	77.21809999999999	75.7816	62.604	1	0.7328999999999999	69.55449999999999	-1.8273800000000002
1	210	PHW30/B73-401 - (2n)-01	76.1607	80.0994	74.0449	68.36370000000001	1	0.6349	72.42	-1.3921000000000001
1	211	PHW30/B73-401 - (2n)-02	46.495400000000004	61.16799999999999	68.86359999999999	69.1129	1	1.3739999999999997	66.76089999999999	3.2197999999999998
1	212	PHW30/B73-421 - (2n)-01	83.13350000000001	80.58229999999999	73.1777	62.8006	1	3.3977999999999997	69.6203	-2.9702
1	213	PHW30/B73-421 - (2n)-03	76.6093	74.3145	72.3896	62.790400000000005	1	2.4894	67.8485	-1.9140000000000001
1	214	PHW30/B73-433 - (2n)-01	78.05390000000001	77.7118	70.0479	67.5514	1	2.1080999999999994	70.4874	-1.6882100000000002
1	215	PHW30/B73-434 - (2n)-01	73.9131	67.214	72.8791	62.329899999999995	1	0.21989999999999998	66.74549999999999	-1.3814000000000002
1	216	PHW30/B73-434 - (2n)-02	92.20400000000001	74.5675	71.7199	67.0754	9	3.7672	69.9494	-1.7863000000000002
2	64	Mo17/PHW30-008 - (2n)-01	74.17160000000001	78.0641	71.2096	66.5983	5	0.9005999999999998	70.2769	-1.334
2	65	Mo17/PHW30-008 - (2n)-02	55.1987	61.283699999999996	62.63459999999999	62.52	5	0.39419999999999994	62.164199999999994	0.8948999999999998
2	66	Mo17/PHW30-009 - (2n)-01	58.92530000000001	67.00739999999999	68.41099999999999	62.5245	9	-3.6418	65.1122	0.2721
2	67	Mo17/PHW30-013 - (2n)-01	55.18000000000001	64.5137	66.576	68.0539	5	1.4885	66.4397	1.7957999999999998
2	68	Mo17/PHW30-013 - (2n)-02	79.2068	81.4571	75.2404	72.6821	5	1.2668	75.15339999999999	-1.0562
2	69	Mo17/PHW30-016 - (2n)-01	64.0676	68.3337	73.1322	74.6469	5	2.6131	72.7013	1.5781
2	70	Mo17/PHW30-016 - (2n)-02	67.5656	75.9105	79.04889999999999	77.8574	0.9999999999999996	0.5315000000000001	77.2336	1.4091999999999998
2	71	Mo17/PHW30-044 - (2n)-01	54.7535	58.81869999999999	63.148399999999995	55.173100000000005	5	-3.7193	58.141999999999996	0.17909999999999981
2	72	Mo17/PHW30-044 - (2n)-02	50.4712	64.8748	65.8359	62.484	9	-0.4787	63.52719999999999	1.4344000000000001
2	73	Mo17/PHW30-075 - (2n)-01	55.8862	67.3077	66.7892	61.7671	9	-2.1393999999999997	63.9075	0.5952999999999999
2	74	Mo17/PHW30-075 - (2n)-02	42.3089	40.2643	43.44829999999999	53.2225	9	0.9135	47.9192	1.5366999999999997
2	75	Mo17/PHW30-080 - (2n)-01	78.1756	79.41199999999999	74.98159999999999	76.7585	9	-0.26142	76.9341	-0.4667000000000001
2	76	Mo17/PHW30-080 - (2n)-02	80.4293	75.9134	76.0256	78.766	9	-3.6186	77.6125	-0.1402000000000001
2	77	Mo17/PHW30-081 - (2n)-01	66.09100000000001	68.5977	74.1779	69.318	9	-1.2114	70.6212	0.5064
2	78	Mo17/PHW30-081 - (2n)-03	74.51650000000001	76.395	73.20389999999999	72.2221	9	0.2709	73.2297	-0.44730000000000003
2	79	Mo17/PHW30-084 - (2n)-01	48.69500000000001	59.97539999999999	62.81199999999999	59.1539	9	-0.024900000000000005	59.899699999999996	1.4426
2	80	Mo17/PHW30-084 - (2n)-02	56.913900000000005	59.8057	60.91929999999999	62.0095	9	1.1663999999999999	61.329899999999995	0.5707999999999998
2	81	Mo17/PHW30-086 - (2n)-01	66.8602	76.1652	72.41959999999999	75.34140000000001	0.9999999999999996	-0.4236	74.0212	0.9443999999999999
2	82	Mo17/PHW30-086 - (2n)-02	72.6006	71.65769999999999	73.02789999999999	70.9523	9	0.8733	71.8449	-0.23060000000000014
2	83	Mo17/PHW30-089 - (2n)-01	62.8569	63.2291	68.47959999999999	70.1737	5	1.8837	68.3129	1.1585999999999999
2	84	Mo17/PHW30-089 - (2n)-02	63.63810000000001	66.5397	69.06979999999999	73.3886	9	6.6434	70.5864	1.342
2	85	Mo17/PHW30-091 - (2n)-01	61.3798	63.111399999999996	66.9202	72.9728	0.9999999999999996	3.7221	68.9966	1.6985000000000001
2	86	Mo17/PHW30-091 - (2n)-02	63.632600000000004	73.3995	73.03059999999999	64.4987	5	-6.9921	68.2474	-0.03710000000000013
2	87	Mo17/PHW30-094 - (2n)-01	31.651900000000005	50.5297	66.735	63.8218	9	0.9646999999999999	61.461999999999996	4.4906
2	88	Mo17/PHW30-109 - (2n)-01	53.935	54.035799999999995	60.622299999999996	71.6246	4.19600000000112	0.5173000000000001	64.41969999999999	2.7523
2	89	Mo17/PHW30-121 - (2n)-02	63.24380000000001	76.9097	73.0114	76.0541	9	0.1451	74.7953	1.5059999999999998
2	90	Mo17/PHW30-121 - (2n)-03	77.18010000000001	82.0787	74.71879999999999	75.9934	0.9999999999999996	-1.6787	76.6664	-0.3894000000000002
2	91	Mo17/PHW30-126 - (2n)-01	48.83390000000001	59.0934	63.94959999999999	66.6463	0.9999999999999996	2.0009	63.991	2.4341
2	92	Mo17/PHW30-126 - (2n)-02	48.468900000000005	49.116299999999995	65.74499999999999	71.1055	5	1.9753999999999998	65.1647	3.5066999999999995
2	93	Mo17/PHW30-133 - (2n)-01	54.81870000000001	59.812	66.99499999999999	69.4419	9	2.7875	66.4481	2.2657
2	94	Mo17/PHW30-133 - (2n)-02	67.6692	70.7415	72.94189999999999	73.926	5	2.222	72.5942	0.9158
2	95	Mo17/PHW30-148 - (2n)-01	37.187000000000005	52.5844	69.34925	75.2593	0.9999999999999996	2.4557	68.3457	5.4639
2	96	Mo17/PHW30-148 - (2n)-02	62.119	65.15899999999999	66.60669999999999	68.0232	9	3.516	66.8017	0.9192
2	97	Mo17/PHW30-153 - (2n)-03	73.3165	73.7483	75.4288	79.4036	5	2.6644	77.042	0.8508
2	98	Mo17/PHW30-153 - (2n)-04	69.17360000000001	69.3681	67.9169	73.582	9	-0.30657	71.1017	0.5663
2	99	Mo17/PHW30-157 - (2n)-01	71.5537	74.1214	70.77489999999999	70.8257	5	-1.5333	71.4759	-0.23840000000000017
2	100	Mo17/PHW30-160 - (2n)-01	51.1588	59.52289999999999	64.83269999999999	69.3532	9	2.9071000000000002	65.6323	2.5832999999999995
2	101	Mo17/PHW30-160 - (2n)-02	52.59360000000001	61.205799999999996	65.9146	61.0664	5	-0.4074	61.955099999999995	1.1932
2	102	Mo17/PHW30-184 - (2n)-01	70.8056	77.8283	70.80399999999999	68.6368	5	-0.9009	71.1199	-0.7530000000000001
2	103	Mo17/PHW30-184 - (2n)-02	57.461200000000005	65.2997	69.6699	66.6734	5	0.07800000000000001	66.9204	1.2664
2	104	Mo17/PHW30-200 - (2n)-01	74.95	77.3277	73.90329999999999	73.377	0.9999999999999996	-0.5872999999999999	74.3494	-0.4166000000000001
2	105	Mo17/PHW30-200 - (2n)-02	58.166700000000006	62.4277	71.3723	71.6722	0.9999999999999996	1.8804	69.4271	2.1721
2	106	Mo17/PHW30-217 - (2n)-01	53.12870000000001	63.7103	69.01159999999999	69.6245	5	1.1841	67.8389	2.2277
2	107	Mo17/PHW30-217 - (2n)-02	66.82860000000001	80.26339999999999	71.3059	63.3117	5	-1.5171000000000001	68.7732	-1.0027000000000001
2	108	Mo17/PHW30-231 - (2n)-01	43.71960000000001	58.232699999999994	60.479299999999995	68.2895	9	1.8656	63.5511	3.1154
2	109	Mo17/PHW30-231 - (2n)-03	52.694700000000005	50.922	69.0833	58.9119	9	-0.8092999999999999	60.28189999999999	1.5215999999999998
2	110	Mo17/PHW30-235 - (2n)-01	60.0309	66.5944	72.34689999999999	68.8607	9	0.24619999999999997	69.2796	1.2691
2	111	Mo17/PHW30-235 - (2n)-02	70.5026	68.0743	62.72059999999999	59.173500000000004	5	3.4823	62.36279999999999	-1.8136
2	112	Mo17/PHW30-248 - (2n)-01	76.0261	75.8357	70.06679999999999	69.3306	0.9999999999999996	1.8955	70.9014	-1.1384
2	113	Mo17/PHW30-248 - (2n)-02	54.18350000000001	75.2464	71.45909999999999	69.9688	5	-0.6548	70.6983	1.7879
2	114	Mo17/PHW30-254 - (2n)-01	78.6808	70.01989999999999	70.9786	67.6571	9	1.0627	69.4693	-1.39222
2	115	Mo17/PHW30-254 - (2n)-02	72.2304	74.6327	73.2807	69.89320000000001	9	-1.1842	71.6956	-0.3027000000000002
2	116	Mo17/PHW30-262 - (2n)-01	56.559400000000004	63.33669999999999	72.31599999999999	70.1086	5	1.1612	69.0277	2.1322
2	117	Mo17/PHW30-262 - (2n)-02	69.9612	72.209	71.46849999999999	65.2044	9	-0.03710000000000002	68.36019999999999	-0.7307000000000001
2	118	Mo17/PHW30-275 - (2n)-01	66.5438	73.3847	67.2884	67.5038	9	-5.6373999999999995	68.3789	-0.08930000000000016
2	119	Mo17/PHW30-275 - (2n)-02	73.0766	71.9238	76.74489999999999	77.8217	0.9999999999999996	1.52	76.06219999999999	0.8563000000000001
2	120	Mo17/PHW30-279 - (2n)-01	54.6388	63.8383	70.2071	62.446200000000005	5	-1.2272	64.7156	1.0594999999999999
2	121	Mo17/PHW30-279 - (2n)-02	61.7306	67.4684	68.2816	61.072	9	-3.5943	64.4164	-0.18410000000000015
2	122	Mo17/PHW30-281 - (2n)-01	70.1567	74.336	76.4023	73.2082	0.9999999999999996	-0.45940000000000003	74.1437	0.5152999999999999
2	123	Mo17/PHW30-292 - (2n)-01	66.9482	75.0877	69.6219	70.3931	9	-3.9141	70.74969999999999	0.17649999999999988
2	124	Mo17/PHW30-309 - (2n)-01	43.0345	58.6696	73.3367	78.9936	5	2.4413	72.5034	5.2002
2	125	Mo17/PHW30-309 - (2n)-02	61.22580000000001	75.2216	77.2336	75.1474	5	-0.1038	75.2727	1.7107999999999999
2	126	Mo17/PHW30-314 - (2n)-01	51.8142	61.5327	64.2136	61.946200000000005	9	-0.1018	62.1853	1.2782999999999998
2	127	Mo17/PHW30-321 - (2n)-01	73.26310000000001	77.49799999999999	76.94609999999999	73.2132	9	-3.0584	75.0583	-0.1432
2	128	Mo17/PHW30-324 - (2n)-01	38.38270000000001	55.5267	61.357899999999994	68.5587	5	2.0923000000000003	63.168499999999995	4.0788
2	129	Mo17/PHW30-324 - (2n)-02	43.025400000000005	52.848699999999994	62.376599999999996	62.6196	9	1.5581	60.262299999999996	2.7748
2	130	Mo17/PHW30-332 - (2n)-01	73.5288	73.388	70.32079999999999	64.1279	9	2.1717	67.8952	-1.44286
2	131	Mo17/PHW30-332 - (2n)-02	63.1345	71.2593	69.81339999999999	71.5959	9	0.07769999999999999	70.696	0.9521999999999999
2	132	Mo17/PHW30-341 - (2n)-01	47.827600000000004	63.5721	64.5166	60.811	9	-0.5182	61.9859	1.5448999999999997
2	133	Mo17/PHW30-341 - (2n)-02	43.075900000000004	44.4905	54.98389999999999	61.2517	0.9999999999999996	2.9731	55.61019999999999	2.8502
2	134	Mo17/PHW30-389 - (2n)-02	61.8027	68.2607	65.03359999999999	65.9197	5	-1.4364000000000001	65.97829999999999	0.37139999999999995
2	135	Mo17/PHW30-389 - (2n)-03	64.83160000000001	63.0368	67.00959999999999	67.2877	5	-0.15178000000000003	66.48519999999999	0.4819
2	136	Mo17/PHW30-409 - (2n)-01	70.3289	72.5042	72.5346	68.6904	9	-1.6127	70.27499999999999	-0.2351000000000001
2	137	Mo17/PHW30-409 - (2n)-02	55.623400000000004	77.0204	71.68289999999999	77.123	9	-0.016100000000000003	74.7666	2.4088
2	138	Mo17/PHW30-429 - (2n)-01	57.221900000000005	60.9765	65.33659999999999	63.267	9	0.5155000000000001	63.0068	0.9339
2	139	Mo17/PHW30-429 - (2n)-02	47.129900000000006	60.2098	65.84689999999999	69.2864	9	1.7785999999999997	65.6347	3.0540000000000003
2	140	Mo17/PHW30-430 - (2n)-01	47.6668	59.4997	60.392799999999994	63.6814	9	1.3986999999999998	61.381899999999995	2.1238
2	141	Mo17/PHW30-430 - (2n)-02	56.0095	61.6327	58.88839999999999	61.552800000000005	9	0.5605	60.5483	0.6698999999999997
2	142	Mo17/PHW30-454 - (2n)-01	59.6497	63.4404	63.17519999999999	72.295	5	2.2641	67.6891	1.6999
2	143	Mo17/PHW30-454 - (2n)-02	66.51440000000001	69.1807	68.7277	66.8862	9	-1.8436000000000001	67.7136	0.09729999999999994
2	144	Mo17/PHW30-455 - (2n)-01	60.9217	73.4674	66.9609	64.9307	5	-4.5767	66.9078	0.15049999999999986
2	145	Mo17/PHW30-456 - (2n)-01	60.58800000000001	66.82939999999999	71.2862	70.609	9	0.9679	69.8848	1.4184999999999999
2	146	Mo17/PHW30-456 - (2n)-02	77.369	77.5471	76.42519999999999	74.0734	5	1.2871	75.568	-0.49140000000000006
2	217	PHW30/Mo17-003 - (2n)-01	81.6312	80.9999	70.1159	70.7714	9	1.1664999999999999	72.7114	-1.8514000000000002
2	218	PHW30/Mo17-010 - (2n)-01	43.6201	61.7773	67.15079999999999	65.8829	0.9999999999999996	0.5061	64.7452	2.8906
2	219	PHW30/Mo17-010 - (2n)-02	40.130300000000005	56.0853	63.373599999999996	58.4785	0.9999999999999996	0.0010999999999999899	59.0616	2.3575999999999997
2	220	PHW30/Mo17-019 - (2n)-01	39.74210000000001	58.7097	57.75209999999999	67.0831	5	1.5892	61.848	3.5263
2	221	PHW30/Mo17-019 - (2n)-02	60.2976	69.276	64.8753	59.9456	9	-2.6084	63.0943	-0.3962000000000001
2	222	PHW30/Mo17-026 - (2n)-01	53.0732	70.4118	68.9793	70.1354	9	0.048099999999999976	68.93039999999999	2.062
2	223	PHW30/Mo17-026 - (2n)-02	52.559200000000004	63.108999999999995	70.04419999999999	69.4834	5	1.1223999999999998	67.8724	2.3687
2	224	PHW30/Mo17-028 - (2n)-01	58.629200000000004	62.9024	67.35459999999999	61.9643	5	-1.4608	63.6971	0.5050999999999999
2	225	PHW30/Mo17-028 - (2n)-02	67.3451	73.614	73.79339999999999	79.17490000000001	0.9999999999999996	2.3104	76.1938	1.5046
2	226	PHW30/Mo17-032 - (2n)-01	73.78840000000001	78.06569999999999	74.0987	68.0049	0.9999999999999996	-0.0927	71.64059999999999	-0.8942000000000001
2	227	PHW30/Mo17-032 - (2n)-02	83.04650000000001	81.289	72.48719999999999	76.5351	0.9999999999999996	0.027600000000000013	76.2939	-1.1278000000000001
2	228	PHW30/Mo17-033 - (2n)-01	54.633300000000006	73.3934	70.74489999999999	66.8587	5	-1.2651000000000001	68.7469	1.2944
2	229	PHW30/Mo17-037 - (2n)-01	57.543200000000006	65.9616	69.71929999999999	67.04990000000001	9	-0.027900000000000008	67.31909999999999	1.2450999999999999
2	230	PHW30/Mo17-037 - (2n)-02	48.12820000000001	57.940799999999996	65.04889999999999	70.5957	5	2.9515000000000002	65.7002	3.1998999999999995
2	231	PHW30/Mo17-049 - (2n)-01	48.1734	53.063	59.4233	68.201	9	6.6426	62.3722	2.8388999999999998
2	232	PHW30/Mo17-049 - (2n)-02	48.8821	57.2997	67.1904	70.4884	5	2.3123	66.4619	3.2237999999999998
2	233	PHW30/Mo17-050 - (2n)-01	42.464400000000005	60.2953	63.34929999999999	64.8325	9	0.6518999999999999	62.997099999999996	2.7672999999999996
2	234	PHW30/Mo17-050 - (2n)-02	62.27510000000001	70.15429999999999	70.8214	70.4076	9	-0.05630000000000002	70.1908	0.9699
2	235	PHW30/Mo17-051 - (2n)-01	67.57600000000001	63.634699999999995	67.0226	65.9796	9	-2.804	66.0483	-0.11070000000000002
2	236	PHW30/Mo17-051 - (2n)-02	61.192800000000005	57.8737	66.46019999999999	69.9788	5	0.9301999999999999	66.4879	1.5333999999999999
2	237	PHW30/Mo17-054 - (2n)-01	59.613400000000006	72.77499999999999	72.58399999999999	72.1656	5	0.24719999999999998	71.8286	1.616
2	238	PHW30/Mo17-054 - (2n)-02	76.7205	78.9777	72.6368	73.3196	9	0.2927	74.2004	-0.7383000000000001
2	239	PHW30/Mo17-059 - (2n)-01	70.5845	72.9784	73.19609999999999	75.5358	9	5.037	74.20689999999999	0.7302999999999997
2	240	PHW30/Mo17-059 - (2n)-02	74.77680000000001	74.26389999999999	75.52829999999999	72.2791	9	-0.07600000000000001	73.6874	-0.3407
2	241	PHW30/Mo17-061 - (2n)-01	58.3438	66.7177	61.40939999999999	61.3134	9	-3.1277	62.1264	0.18579999999999997
2	242	PHW30/Mo17-061 - (2n)-02	48.931200000000004	60.2118	59.022299999999994	60.8924	0.9999999999999996	0.2736	59.5036	1.467
2	243	PHW30/Mo17-064 - (2n)-01	63.647000000000006	69.3597	65.5749	61.9124	9	-1.7022000000000002	64.4091	-0.4506000000000001
2	244	PHW30/Mo17-064 - (2n)-02	62.71340000000001	74.4527	70.14829999999999	69.4216	9	-2.1555999999999997	70.3261	0.5446999999999997
2	245	PHW30/Mo17-076 - (2n)-01	46.662400000000005	58.8574	65.6357	58.5782	9	-0.23699	60.19499999999999	1.7401999999999997
2	246	PHW30/Mo17-076 - (2n)-02	54.505	70.4677	63.631699999999995	70.5852	9	0.16699999999999998	67.7894	1.8719000000000001
2	247	PHW30/Mo17-077 - (2n)-01	68.97840000000001	68.0467	69.63829999999999	61.7213	5	0.7807999999999999	65.51599999999999	-1.0109000000000001
2	248	PHW30/Mo17-077 - (2n)-02	64.9711	65.3529	65.3367	72.6179	9	1.0319	68.8972	1.1046
2	249	PHW30/Mo17-085 - (2n)-01	70.574	77.6584	78.6676	75.6757	5	-1.0383	76.797	0.6164999999999998
2	250	PHW30/Mo17-088 - (2n)-01	74.15050000000001	75.8	73.6215	73.34140000000001	5	-0.6105	73.7953	-0.20640000000000014
2	251	PHW30/Mo17-088 - (2n)-02	66.7492	77.445	77.5842	75.7864	9	-0.511	76.19149999999999	1.0697999999999999
2	252	PHW30/Mo17-089 - (2n)-01	59.34060000000001	73.1728	77.5706	81.2107	0.9999999999999996	1.6039999999999999	77.6845	2.9650999999999996
2	253	PHW30/Mo17-089 - (2n)-02	67.921	76.8261	74.77529999999999	74.9782	9	-0.1382	74.86919999999999	0.8731
2	254	PHW30/Mo17-095 - (2n)-01	44.934200000000004	55.5839	60.86789999999999	61.1144	9	1.0798999999999999	59.514799999999994	2.1818
2	255	PHW30/Mo17-095 - (2n)-02	44.8239	50.918499999999995	61.07159999999999	55.3324	9	0.1154	55.6455	1.6783000000000001
2	256	PHW30/Mo17-099 - (2n)-01	49.295700000000004	67.20139999999999	65.61959999999999	72.8816	5	0.9371	68.9641	2.8718000000000004
2	257	PHW30/Mo17-099 - (2n)-02	61.505	57.849999999999994	60.37559999999999	65.0303	5	-0.544	62.3901	0.5777000000000001
2	258	PHW30/Mo17-101 - (2n)-01	34.595200000000006	54.58709999999999	64.99959999999999	70.0717	9	1.9431	64.7113	4.8842
2	259	PHW30/Mo17-101 - (2n)-02	73.50720000000001	77.8287	73.95049999999999	66.6328	9	0.2193	70.8879	-1.1543
2	260	PHW30/Mo17-107 - (2n)-01	76.0385	82.072	78.59219999999999	73.9768	9	-1.4252	76.72229999999999	-0.5005000000000001
2	261	PHW30/Mo17-107 - (2n)-02	66.84620000000001	71.3938	71.4563	67.3263	5	-6.2665999999999995	69.3153	-0.0233000000000001
2	262	PHW30/Mo17-110 - (2n)-03	63.30760000000001	65.6713	72.2106	69.9075	9	0.19	69.8446	0.9436
2	263	PHW30/Mo17-113 - (2n)-01	78.59110000000001	84.0074	77.11439999999999	72.8691	5	0.010699999999999987	76.21249999999999	-1.0218
2	264	PHW30/Mo17-113 - (2n)-02	53.642500000000005	74.4051	67.67509999999999	69.2268	9	-0.6732	69.03739999999999	1.6827999999999999
2	265	PHW30/Mo17-129 - (2n)-01	64.79010000000001	76.97	79.11479999999999	80.3952	5	0.7685	78.8588	1.9785
2	266	PHW30/Mo17-129 - (2n)-02	38.252500000000005	69.4063	70.8436	83.5384	5	1.4261	75.68079999999999	5.7709
2	267	PHW30/Mo17-136 - (2n)-01	71.91730000000001	73.6337	73.0349	72.20570000000001	9	-4.9364	72.76689999999999	-0.0030000000000001137
2	268	PHW30/Mo17-136 - (2n)-02	72.22970000000001	74.28569999999999	73.31559999999999	71.341	0.9999999999999996	-1.9745000000000001	72.5439	-0.18480000000000008
2	269	PHW30/Mo17-139 - (2n)-01	49.3945	63.6276	57.906699999999994	66.8329	9	0.49399999999999994	62.9371	2.0584
2	270	PHW30/Mo17-139 - (2n)-02	48.85490000000001	65.24849999999999	69.65729999999999	67.928	5	0.4328	67.0135	2.5254
2	271	PHW30/Mo17-141 - (2n)-01	51.65050000000001	56.1273	61.22529999999999	56.8667	9	-0.7792000000000001	57.860099999999996	0.7549000000000001
2	272	PHW30/Mo17-141 - (2n)-02	56.48400000000001	65.6597	64.59389999999999	66.3626	9	0.13529999999999998	65.43769999999999	1.1279
2	273	PHW30/Mo17-142 - (2n)-01	57.31020000000001	69.1223	71.1879	66.0157	9	-1.1586	67.76899999999999	1.0219
2	274	PHW30/Mo17-155 - (2n)-01	60.971900000000005	65.86019999999999	69.54660999999999	74.666	5	4.4926	70.8738	1.9661
2	275	PHW30/Mo17-155 - (2n)-02	31.725500000000004	47.266099999999994	60.0701	62.7518	5	1.8421999999999998	58.17099999999999	4.4929
2	276	PHW30/Mo17-157 - (2n)-01	55.543200000000006	64.4934	71.6879	69.3907	0.9999999999999996	0.8432999999999999	68.82379999999999	1.9682999999999997
2	277	PHW30/Mo17-157 - (2n)-02	65.9795	74.1373	75.2644	74.9109	0.9999999999999996	0.12719999999999998	74.55866999999999	1.0896
2	278	PHW30/Mo17-160 - (2n)-01	63.91160000000001	66.7062	60.6416	54.9784	0.9999999999999996	1.0176999999999998	58.711	-1.4402000000000001
2	279	PHW30/Mo17-160 - (2n)-02	33.92810000000001	62.0303	61.296099999999996	66.1199	5	0.5413999999999999	62.7919	3.9254
2	280	PHW30/Mo17-161 - (2n)-01	71.4501	68.9149	72.5251	70.3802	9	-3.5669999999999997	70.78	0.038799999999999946
2	281	PHW30/Mo17-161 - (2n)-02	48.28020000000001	64.8266	65.98129999999999	63.0791	9	-0.4047	63.6971	1.7620999999999998
2	282	PHW30/Mo17-165 - (2n)-01	60.05500000000001	66.2667	67.41929999999999	65.2386	9	-0.8646	65.9615	0.5872999999999999
2	283	PHW30/Mo17-165 - (2n)-02	54.510000000000005	63.57169999999999	58.290299999999995	58.2892	5	-2.2832999999999997	58.9415	0.31999999999999984
2	284	PHW30/Mo17-166 - (2n)-01	83.5458	82.8147	75.3882	72.9594	9	2.1628000000000003	75.6657	-1.6797
2	285	PHW30/Mo17-178 - (2n)-01	77.04780000000001	77.2963	76.2016	76.5551	0.9999999999999996	0.7482	76.6018	-0.14000000000000012
2	286	PHW30/Mo17-178 - (2n)-02	71.0587	73.87469999999999	72.1492	69.9707	9	-1.7369	71.40339999999999	-0.2481
2	287	PHW30/Mo17-179 - (2n)-01	68.09100000000001	70.5319	64.60369999999999	65.3734	9	-0.7582	66.0775	-0.5526000000000001
2	288	PHW30/Mo17-187 - (2n)-01	79.5266	77.6592	72.85659999999999	70.0727	0.9999999999999996	2.7030000000000003	72.267	-1.39066
2	289	PHW30/Mo17-187 - (2n)-02	80.77120000000001	81.55749999999999	78.2353	67.7434	5	1.4811999999999999	73.4241	-1.8998000000000002
2	290	PHW30/Mo17-188 - (2n)-01	70.55030000000001	73.64009999999999	76.35059999999999	73.1927	0.9999999999999996	-1.158	74.1973	0.3940999999999999
2	291	PHW30/Mo17-194 - (2n)-01	58.13890000000001	60.2977	63.30029999999999	59.9545	5	-3.1496	61.1526	0.17759999999999998
2	292	PHW30/Mo17-194 - (2n)-02	66.5912	67.5264	59.386199999999995	56.4041	5	1.7125	59.47409999999999	-1.6749
2	293	PHW30/Mo17-195 - (2n)-01	39.98630000000001	47.5301	57.7332	52.9537	9	0.331	53.0697	1.9684
2	294	PHW30/Mo17-195 - (2n)-02	35.7762	56.392399999999995	60.51849999999999	63.0218	9	0.9825999999999999	60.0657	3.5487
2	295	PHW30/Mo17-234 - (2n)-01	80.5167	79.0729	71.69789999999999	75.0617	0.9999999999999996	0.174	74.9438	-0.9801000000000001
2	296	PHW30/Mo17-234 - (2n)-02	81.4422	82.6234	81.0936	76.1927	5	1.2724	79.024	-0.8083000000000001
2	297	PHW30/Mo17-242 - (2n)-01	73.6042	77.961	70.75349999999999	70.4844	5	-0.4158	71.8656	-0.7220000000000001
2	298	PHW30/Mo17-242 - (2n)-02	67.8332	72.3534	73.0833	70.83500000000001	5	-1.1774	71.73819999999999	0.34939999999999993
2	299	PHW30/Mo17-252 - (2n)-01	58.8142	72.6824	68.0659	62.6301	5	-5.5470999999999995	65.7304	0.1452
2	300	PHW30/Mo17-252 - (2n)-02	64.4992	69.63759999999999	75.0089	74.6411	5	1.1869999999999998	73.5396	1.4407
2	301	PHW30/Mo17-266 - (2n)-01	63.298300000000005	75.0321	76.4866	79.7574	9	1.2812	77.4527	2.1342
2	302	PHW30/Mo17-278 - (2n)-01	61.4632	63.0184	63.50789999999999	56.9503	5	-0.0839	60.188599999999994	-0.6554000000000001
2	303	PHW30/Mo17-278 - (2n)-02	52.40910000000001	56.463699999999996	64.15979999999999	68.7309	0.9999999999999996	3.0673000000000004	64.6961	2.3865
2	304	PHW30/Mo17-297 - (2n)-01	66.3561	72.7824	63.752399999999994	62.0088	5	-0.4753	64.4913	-0.9079
2	305	PHW30/Mo17-298 - (2n)-01	61.9194	67.608	63.26129999999999	63.6249	0.9999999999999996	-2.9976	64.02709999999999	0.11859999999999982
2	306	PHW30/Mo17-299 - (2n)-01	75.7805	80.2034	70.0444	66.5138	5	0.8349	70.2051	-1.5917000000000001
2	307	PHW30/Mo17-299 - (2n)-02	66.7977	68.63409999999999	69.70559999999999	64.5994	0.9999999999999996	-1.9498	66.97109999999999	-0.30700000000000016
2	308	PHW30/Mo17-304 - (2n)-02	67.87780000000001	67.64959999999999	69.67739999999999	62.8802	0.9999999999999996	-0.385	65.86699999999999	-0.5993
2	309	PHW30/Mo17-308 - (2n)-01	78.0318	77.9973	77.48859999999999	78.1217	9	-0.24130300000000002	77.9174	-0.03660000000000019
2	310	PHW30/Mo17-308 - (2n)-02	76.8655	80.4991	79.73379999999999	71.11880000000001	9	-0.7250000000000001	75.4742	-0.8201
2	311	PHW30/Mo17-315 - (2n)-01	76.839	79.496	75.47529999999999	72.649	5	0.3747	74.8943	-0.8054000000000001
2	312	PHW30/Mo17-315 - (2n)-02	82.7497	83.0667	69.448	74.3549	4.196	-0.2474	74.5714	-1.4569
