#      772208771   -filetype ZipermE.out 
#
# QTL Cartographer v. 1.17e, 27 August 2003
# This output file (qtlcart.z3e) was created by ZMapQTL...
#
# It is 22:52:22 on Sunday, 09 December 2018
#
#
#The position is from the left telomere on the chromosome
-window      10.00      Window size for models 5 and 6
-background      5      Background parameters in model 6
-Model           3      Model number
-trait           7      Analyzed trait [MLA]
-cross         Ri1      Cross
#
#  Note that our Likelihood ratio test statistic compares two nested hypotheses
#  and is two times the negative natural log of the ratio of the likelihoods.  For example,
#  assume that  hypothesis H0 is nested within H1 and that they have likelihoods L0 and L1 respectively.
#  Then, the "Likelihood Ratio Test Statistic" is -2ln(L0/L1). 
#
#  Repetition    GlobalMax  -start  
    1         8.38240
    2         6.74067
    3        19.03168
    4         9.56791
    5         9.11923
    6         7.64189
    7         6.74192
    8         8.84579
    9         7.26260
   10        12.94740
   11        13.93787
   12        11.41034
   13         8.89658
   14         7.92930
   15         7.47218
   16         9.28159
   17         9.67059
   18        13.28812
   19         9.21222
   20         8.99658
   21        10.60845
   22        12.98962
   23         6.49690
   24         6.98868
   25         9.61736
   26        10.82895
   27         9.90720
   28         7.46945
   29         8.13742
   30         7.30136
   31         6.75787
   32         9.66810
   33         7.02754
   34         8.56717
   35        10.57050
   36        12.16220
   37        12.33048
   38         8.45545
   39         7.82287
   40        13.14120
   41         8.53419
   42        12.89181
   43        10.51980
   44        13.03218
   45         8.99693
   46         7.10402
   47         7.76842
   48         8.53768
   49         7.42344
   50         8.96406
   51        10.31744
   52         5.91668
   53        11.29713
   54         9.33991
   55         5.40091
   56        10.42705
   57         8.95226
   58         7.15187
   59        11.22882
   60        11.80253
   61         8.23542
   62         7.83649
   63         8.51401
   64         7.04594
   65         7.11691
   66         7.59080
   67         9.59188
   68         8.07800
   69         8.37085
   70        11.56264
   71        13.89514
   72        10.55565
   73        12.42318
   74        13.79353
   75        12.09250
   76         8.56574
   77         5.96605
   78         7.82302
   79        12.52639
   80         6.58259
   81        15.84509
   82        12.87694
   83         6.91897
   84        11.33553
   85         8.78364
   86         7.08561
   87        11.14374
   88         6.22976
   89         8.74088
   90        11.16240
   91         7.45067
   92         7.22564
   93        10.01746
   94         8.96126
   95        16.91038
   96         7.66345
   97        11.97754
   98         7.70209
   99        19.46965
  100        11.20798
  101         9.76124
  102         8.71606
  103         6.91312
  104        14.03244
  105        12.02018
  106         9.01399
  107         9.16977
  108         7.78682
  109         8.44625
  110        13.46820
  111         8.56467
  112        11.19960
  113         6.51004
  114        12.42582
  115        11.43096
  116         7.96390
  117         7.38053
  118        12.67238
  119         9.73291
  120         9.99232
  121         9.60867
  122         7.60577
  123         9.63399
  124         8.48919
  125         7.27218
  126        10.95112
  127         9.75439
  128        11.56588
  129        12.17843
  130         9.40493
  131         9.96046
  132         8.05810
  133        10.39180
  134         6.03436
  135        11.33499
  136         9.77853
  137         8.93458
  138        13.23259
  139         5.93972
  140        14.46847
  141         8.01436
  142        20.02726
  143        10.19216
  144         8.72117
  145        10.33348
  146         8.73049
  147         8.92811
  148        10.96655
  149         8.61518
  150         9.75373
  151        13.20541
  152         9.62948
  153        12.03290
  154        15.52157
  155        11.64604
  156        11.69694
  157        10.94246
  158         9.28720
  159        10.09456
  160        11.13343
  161        10.31483
  162         8.91903
  163        11.53029
  164        10.46552
  165         9.45115
  166        17.48380
  167         7.51939
  168        10.77251
  169        14.99153
  170         5.63418
  171        10.38737
  172         7.05096
  173         9.80590
  174        14.54267
  175         8.02809
  176        10.17515
  177        10.92971
  178         9.46264
  179        12.96932
  180        11.76994
  181        10.15775
  182         8.82293
  183         9.03357
  184         9.97900
  185         8.31036
  186        13.00902
  187        11.48280
  188         6.42153
  189        13.08618
  190        13.90060
  191         5.87889
  192         9.49475
  193        14.15735
  194         9.76797
  195        15.23185
  196        10.25173
  197        11.71872
  198         8.57751
  199         7.67839
  200         8.41964
  201        12.72970
  202        19.51520
  203         8.40751
  204        14.60281
  205        13.68250
  206        10.01760
  207         7.17392
  208         7.70551
  209        10.55650
  210        10.94593
  211         7.22091
  212         9.01403
  213         9.10215
  214         8.92514
  215        11.46473
  216         8.29261
  217         9.90971
  218         7.90292
  219         9.58554
  220        10.47338
  221         9.06579
  222         8.56855
  223         8.15294
  224         6.04471
  225         9.20691
  226         7.52087
  227        11.54878
  228        10.67415
  229        11.87156
  230        11.77980
  231         9.31003
  232        13.34835
  233        13.69268
  234         7.15237
  235         8.11745
  236        11.23942
  237         8.45042
  238         7.46728
  239        10.49987
  240         8.69621
  241        11.73880
  242        12.82486
  243        14.09412
  244         8.81480
  245        10.06155
  246        11.89026
  247         7.75465
  248         8.32612
  249         8.44982
  250        12.01845
  251         5.56469
  252         8.81749
  253         6.58787
  254         7.75096
  255        12.28611
  256         8.14032
  257        12.02323
  258         9.69594
  259         9.91262
  260         7.53252
  261         9.16266
  262        10.12981
  263        10.28007
  264        12.25497
  265         9.26574
  266        10.61563
  267         8.86351
  268         7.79581
  269         9.84909
  270        11.13318
  271         9.36348
  272        10.11159
  273         7.65166
  274         9.77321
  275         8.92551
  276        17.08603
  277        20.56111
  278         8.75048
  279        11.17472
  280         8.75818
  281         9.65194
  282         8.92532
  283         9.42110
  284         9.22191
  285         8.74153
  286        13.65151
  287         9.24824
  288         5.59361
  289        11.69928
  290        11.72688
  291         9.37117
  292         9.72371
  293        16.35501
  294        11.77118
  295         9.26794
  296         7.61174
  297         9.03929
  298         9.17169
  299        12.25897
  300         6.65681
  301        13.72139
  302         9.71380
  303        10.00370
  304        10.74822
  305         7.65761
  306         6.96978
  307         6.19786
  308         5.01403
  309         9.09663
  310         6.37084
  311         8.91987
  312        13.05724
  313         9.46195
  314        12.00674
  315         8.87053
  316         9.25235
  317         8.27258
  318         7.13286
  319         8.67784
  320         8.28718
  321        11.47956
  322         9.81076
  323        10.04702
  324         8.25480
  325         6.02289
  326         6.40831
  327        10.38664
  328         9.69863
  329        11.76715
  330         6.60880
  331        11.76117
  332        15.19565
  333         7.00973
  334         9.77778
  335         6.74935
  336        10.13630
  337         9.93017
  338        10.29533
  339         6.10235
  340         8.16257
  341         9.46469
  342         9.47615
  343         8.47142
  344        12.46399
  345        13.84163
  346         8.64461
  347         5.94887
  348         8.82533
  349        11.19511
  350        10.45559
  351         9.63644
  352         8.86139
  353        10.04103
  354        11.95407
  355         9.72926
  356         9.38670
  357         7.20951
  358         9.18795
  359        10.28677
  360        14.37361
  361        12.66628
  362        13.08420
  363         7.87704
  364         5.53978
  365         9.83985
  366        10.71663
  367        10.74370
  368        12.05673
  369        13.57339
  370         8.76840
  371         8.00884
  372        13.77155
  373         8.79297
  374        11.32981
  375         7.36674
  376         9.79547
  377         7.93645
  378         6.12048
  379        11.70040
  380         8.26897
  381        14.15096
  382        13.73987
  383         8.65098
  384         9.76556
  385        13.97987
  386        11.80114
  387        10.40099
  388         7.29016
  389         8.66463
  390        13.00080
  391        13.03062
  392         8.98459
  393        10.03310
  394        12.16683
  395        10.51245
  396         7.39172
  397         6.52669
  398        13.52571
  399         9.48992
  400         8.79049
  401         7.54732
  402         8.61723
  403         7.10506
  404         8.33019
  405         9.38757
  406         9.23721
  407         7.24053
  408        11.59568
  409        10.42357
  410        11.11366
  411        12.06786
  412         8.83493
  413         9.48125
  414        16.35247
  415        10.52237
  416         8.29913
  417        19.00785
  418         9.16781
  419        11.56863
  420         7.00008
  421         8.02658
  422         7.27074
  423         9.69248
  424         9.50731
  425        13.18659
  426         9.37073
  427         7.14729
  428         7.58624
  429         9.87619
  430         9.92758
  431        10.26785
  432         6.30235
  433        16.43401
  434         6.77051
  435         8.56807
  436        10.94783
  437        16.16018
  438         6.80794
  439         8.08211
  440        12.02278
  441         9.01389
  442         7.75327
  443         7.13758
  444         9.32813
  445         6.33060
  446        16.67087
  447        12.21396
  448         5.43101
  449        14.12829
  450         8.83104
  451         6.43137
  452         9.11852
  453        10.87838
  454         7.73741
  455        18.62305
  456         8.46496
  457        10.00904
  458        11.91783
  459         8.91273
  460         7.64763
  461         8.59143
  462         9.02514
  463        11.40834
  464        10.28689
  465         9.75664
  466         8.33923
  467         9.92002
  468         7.39396
  469        14.09643
  470         8.62124
  471         8.89209
  472        10.21637
  473         6.78270
  474         8.80081
  475         8.51769
  476        16.33027
  477        16.61834
  478         8.36015
  479         8.30540
  480         7.01199
  481         8.94165
  482        12.75079
  483         9.34947
  484         8.31591
  485        11.55126
  486        12.43595
  487        10.17545
  488         8.95916
  489        10.59878
  490         8.12790
  491        17.92148
  492        14.05781
  493         8.60924
  494        10.96532
  495        13.77933
  496        12.88122
  497        12.81239
  498         8.25532
  499        10.38155
  500        10.65704
  501        10.61322
  502        12.56935
  503        11.82997
  504         8.82001
  505         8.42487
  506         9.02040
  507         9.67187
  508         7.57203
  509        12.72982
  510        10.53937
  511         8.45817
  512        15.13861
  513         6.08066
  514         7.28800
  515        10.52786
  516        11.89991
  517        16.65271
  518         5.94641
  519         6.86144
  520        13.72974
  521         8.13843
  522         9.70331
  523         9.10626
  524         8.05099
  525         8.69336
  526         8.58163
  527         8.74119
  528        10.85493
  529         8.50568
  530         8.34355
  531         8.17107
  532         9.77732
  533         9.34743
  534         9.25370
  535        12.34649
  536         8.23586
  537         9.10513
  538        13.79993
  539         6.61932
  540         5.83373
  541        10.10229
  542        11.07581
  543         8.65342
  544         6.66260
  545        12.32257
  546        12.12541
  547        11.36297
  548         5.74295
  549         9.15817
  550         8.48027
  551        18.03828
  552         8.82487
  553         7.87369
  554        10.59314
  555         9.29829
  556        10.80895
  557        13.49506
  558         6.96729
  559         8.18749
  560         8.15308
  561        12.81130
  562         9.51185
  563        12.23683
  564         9.94879
  565         8.38994
  566         6.61523
  567         8.70899
  568        10.86622
  569         6.57561
  570         5.99826
  571         9.98253
  572        10.27611
  573        14.38900
  574         7.54063
  575        11.58729
  576         9.20235
  577        11.68241
  578         6.76558
  579        10.92262
  580        13.37164
  581        10.23327
  582        11.58594
  583        10.69745
  584        14.77268
  585         7.71325
  586         7.05667
  587         8.65912
  588        13.71677
  589         8.67372
  590        10.13390
  591         9.66363
  592        11.31842
  593        10.46078
  594         7.63138
  595        11.05265
  596         7.36636
  597         9.25166
  598         8.54545
  599        14.16740
  600         9.36769
  601         5.26185
  602        18.33830
  603         7.52172
  604         9.32247
  605         8.69381
  606        10.25576
  607         8.91424
  608         9.98224
  609         8.65576
  610         9.52381
  611         9.56075
  612        10.57866
  613        14.96568
  614         7.34928
  615        16.16543
  616        15.38349
  617        11.50191
  618        12.45052
  619        11.56991
  620         8.50586
  621         7.85084
  622         9.72914
  623        10.74015
  624        14.38730
  625         6.75441
  626         9.69788
  627         8.80968
  628         9.07393
  629         8.06166
  630        10.12082
  631         7.70125
  632         6.83337
  633         8.00730
  634         7.32695
  635         6.87070
  636        10.26807
  637         9.16111
  638        13.08964
  639        13.33750
  640         7.11999
  641         8.00550
  642         9.47946
  643         5.94801
  644        12.46991
  645         6.23871
  646        13.64833
  647         9.47625
  648        10.07575
  649         9.84489
  650        12.24841
  651         4.33583
  652        12.16772
  653         8.65703
  654         8.37738
  655         9.48927
  656         9.56058
  657         9.29002
  658        16.77636
  659         9.61045
  660         9.77561
  661         8.94256
  662         9.64064
  663        12.63121
  664         8.03387
  665        16.52634
  666         8.36239
  667        11.26333
  668         7.43602
  669         7.90817
  670        10.17661
  671        13.28530
  672         8.29555
  673         7.34872
  674         8.17942
  675        11.61751
  676         5.51244
  677        13.02338
  678        10.99150
  679         7.27851
  680        14.19005
  681         7.62130
  682         9.66299
  683        14.79385
  684         7.50030
  685         5.61446
  686         9.28521
  687         7.72210
  688        10.05630
  689        10.05128
  690         8.15740
  691         8.17774
  692         8.46954
  693        11.39675
  694        12.62466
  695         7.80260
  696         6.90194
  697         8.30030
  698         4.87206
  699         6.49502
  700         7.89619
  701        10.77001
  702         8.76590
  703         7.11694
  704        14.71766
  705         7.84825
  706         7.57595
  707         6.71504
  708        12.34895
  709         7.74687
  710         5.43922
  711        11.18116
  712         6.39053
  713        10.90069
  714        10.31013
  715         9.01539
  716        16.26324
  717         9.11854
  718         7.87842
  719         7.33785
  720        12.64602
  721        11.08986
  722        12.08677
  723        18.07393
  724        11.46136
  725         7.38629
  726         6.72249
  727         9.54098
  728         6.67644
  729        11.46208
  730         8.96552
  731         8.74953
  732         9.15203
  733        12.31735
  734         6.16623
  735         6.11063
  736         8.87984
  737        12.78463
  738        14.51237
  739        14.95005
  740         9.33360
  741        15.65714
  742         6.64551
  743        16.26188
  744        11.03611
  745         6.01057
  746         5.53773
  747         9.96960
  748         8.30708
  749         9.28542
  750         8.80697
  751         9.02185
  752         9.84853
  753         8.40839
  754         8.60575
  755        11.61024
  756         6.65998
  757        10.80986
  758         8.85852
  759        10.53334
  760         7.91366
  761        13.70264
  762         7.07275
  763        16.43554
  764         7.82704
  765         7.10263
  766        18.67919
  767         6.64945
  768         7.05717
  769         5.13500
  770         9.33746
  771        10.95319
  772         8.44703
  773         7.71968
  774         6.60025
  775         7.44859
  776        12.04404
  777        10.51801
  778         9.68871
  779         8.13805
  780         6.07979
  781         8.55611
  782        10.78843
  783         6.78058
  784        11.20154
  785        17.52677
  786         6.64611
  787         5.74847
  788        15.22771
  789         8.57850
  790         8.09741
  791        16.59577
  792         8.09329
  793        10.60252
  794        10.06984
  795        12.91449
  796        17.65250
  797        10.57419
  798        12.88618
  799        10.21738
  800         7.51053
  801         7.53344
  802        11.40978
  803         6.92555
  804         6.77931
  805        15.35189
  806        18.48845
  807        15.72673
  808        14.77524
  809        16.57155
  810        17.15302
  811         8.88739
  812         9.10228
  813         6.29429
  814         9.72167
  815        10.57303
  816        12.68642
  817         9.21492
  818         8.78187
  819        10.52492
  820         6.58616
  821        18.60502
  822        10.39963
  823         7.08728
  824        10.33425
  825         6.92641
  826        12.99930
  827        15.37742
  828         9.18160
  829        13.04585
  830        11.32889
  831         6.46133
  832        10.75379
  833        14.36635
  834        12.81953
  835        10.25724
  836         8.42608
  837         5.93345
  838         9.29186
  839         9.04449
  840         6.19224
  841        10.51594
  842         9.29459
  843         5.24983
  844         7.48308
  845         8.42796
  846         5.60940
  847        16.52839
  848         7.02757
  849         7.79311
  850        11.71459
  851         6.26505
  852         7.56194
  853         9.42278
  854         9.24316
  855        11.56669
  856         8.20933
  857         8.68971
  858         8.34747
  859        10.77377
  860         7.03359
  861        15.73726
  862         8.74423
  863        13.18423
  864         7.92742
  865        15.29981
  866         7.99346
  867        11.30216
  868        10.61972
  869         9.51232
  870         6.94255
  871        10.12058
  872         7.95052
  873        10.21721
  874        10.11275
  875        11.89154
  876        12.74139
  877         8.10641
  878         7.61313
  879        11.26458
  880        10.95555
  881         8.71124
  882        10.88095
  883         6.98334
  884        12.42754
  885         9.60198
  886         6.76005
  887         7.34512
  888         7.21675
  889         8.82012
  890         6.35281
  891         8.46030
  892         8.58804
  893        12.54234
  894        13.40857
  895        15.31386
  896        10.02913
  897         8.47613
  898         7.06225
  899        11.92128
  900         7.37338
  901         7.00281
  902         9.40473
  903         9.43324
  904         9.61714
  905         7.46016
  906        10.67284
  907        11.53037
  908         9.99338
  909        10.60437
  910         7.34574
  911        10.91682
  912         9.06019
  913        12.06118
  914        15.75287
  915         7.80360
  916        13.26819
  917        11.27421
  918        10.52496
  919         5.75371
  920         7.29711
  921         8.63458
  922        12.61446
  923        14.40078
  924        11.91677
  925        10.23552
  926        17.38400
  927         8.93292
  928         9.76015
  929         8.83260
  930        11.13223
  931         5.91989
  932         9.18368
  933         9.10349
  934        16.40809
  935        10.09768
  936        13.04505
  937         6.60945
  938        16.33591
  939         7.10212
  940         7.72758
  941         7.31671
  942        11.32053
  943         8.27068
  944         9.83352
  945         7.34415
  946         8.17289
  947         9.64454
  948         8.07345
  949        10.66021
  950         9.72659
  951        15.91375
  952         7.85041
  953        11.36611
  954         9.30342
  955         6.82729
  956         8.30761
  957         6.97952
  958        14.35220
  959         9.46047
  960         6.93271
  961         8.21090
  962        10.77840
  963         6.97604
  964         5.31974
  965        12.71555
  966        11.58781
  967         8.87444
  968        12.27791
  969         9.40164
  970        12.24495
  971         8.82171
  972        10.56222
  973        10.65909
  974        17.07041
  975        12.51843
  976        12.62318
  977         7.09134
  978        10.94157
  979        12.01506
  980        11.25846
  981         7.10972
  982        13.19605
  983         9.08882
  984         8.25489
  985         8.67376
  986        14.47467
  987        13.01527
  988        10.02557
  989         5.18420
  990         7.26909
  991        11.68142
  992         7.82506
  993        11.04500
  994         8.83945
  995        10.87386
  996        19.13065
  997         8.20338
  998         7.17249
  999        21.80202
 1000        11.88544