#      772198919   -filetype ZipermE.out 
#
# QTL Cartographer v. 1.17e, 27 August 2003
# This output file (qtlcart.z3e) was created by ZMapQTL...
#
# It is 17:23:58 on Sunday, 09 December 2018
#
#
#The position is from the left telomere on the chromosome
-window      10.00      Window size for models 5 and 6
-background      5      Background parameters in model 6
-Model           3      Model number
-trait           3      Analyzed trait [FUELA]
-cross         Ri1      Cross
#
#  Note that our Likelihood ratio test statistic compares two nested hypotheses
#  and is two times the negative natural log of the ratio of the likelihoods.  For example,
#  assume that  hypothesis H0 is nested within H1 and that they have likelihoods L0 and L1 respectively.
#  Then, the "Likelihood Ratio Test Statistic" is -2ln(L0/L1). 
#
#  Repetition    GlobalMax  -start  
    1         7.40040
    2        11.25610
    3        11.11455
    4         7.49756
    5         8.51151
    6        12.56147
    7         7.17352
    8        10.31627
    9        11.21680
   10         8.47162
   11         6.53164
   12        13.22693
   13        12.73039
   14         6.31514
   15         7.36429
   16         8.78544
   17         8.09059
   18        10.44089
   19         8.79875
   20         7.56558
   21         6.79523
   22         7.55101
   23        11.00800
   24         7.74750
   25         8.85397
   26         8.92155
   27        13.49029
   28        14.63198
   29        10.48684
   30         8.64532
   31         8.82753
   32         7.40682
   33         5.11913
   34        10.65301
   35         9.06176
   36         7.60491
   37         6.71256
   38        10.39066
   39         9.48225
   40         8.64149
   41        11.22068
   42        10.45120
   43         8.88866
   44         6.77524
   45         7.49435
   46         9.06624
   47         8.57399
   48         9.25877
   49         6.75240
   50        10.39173
   51         6.90004
   52         8.18682
   53        13.87965
   54        14.49810
   55        14.74383
   56        10.61066
   57         9.67764
   58        10.47155
   59        10.47683
   60        10.80823
   61         6.95831
   62         6.72742
   63        10.75650
   64         7.58019
   65         6.86227
   66         5.49978
   67         9.72209
   68        10.54870
   69        10.38339
   70         6.81995
   71        12.66060
   72         6.85975
   73        10.72374
   74         7.35311
   75         9.65304
   76         8.59062
   77         7.91127
   78         7.68291
   79         8.02625
   80        17.97647
   81        10.89591
   82         9.43816
   83        11.05493
   84        11.49780
   85         7.10295
   86         9.17328
   87        10.70884
   88         7.34283
   89        10.68610
   90        11.26565
   91        12.52664
   92        18.14113
   93         9.30612
   94        11.27330
   95         8.43089
   96        15.81810
   97         8.25077
   98         9.05003
   99         9.52752
  100        10.61365
  101         9.21891
  102        10.37140
  103        11.68669
  104        11.29961
  105         8.07057
  106         9.02903
  107        20.21113
  108        15.09228
  109        11.60823
  110        17.39327
  111         8.97901
  112         9.28446
  113        13.79078
  114        11.45752
  115         9.01401
  116        16.67263
  117        11.35529
  118        10.84800
  119         8.48058
  120        10.09832
  121        12.00157
  122        14.40849
  123         6.27154
  124         9.70223
  125        12.70967
  126         6.10821
  127         9.56914
  128         9.69496
  129         8.72227
  130         8.93808
  131        14.80045
  132         9.13434
  133        10.61871
  134         9.56360
  135         7.52349
  136        17.46106
  137        17.00102
  138         8.88274
  139         8.59628
  140         6.24441
  141         9.62579
  142         7.67795
  143         7.13172
  144        19.21043
  145         7.77001
  146         5.99624
  147         8.40423
  148        11.29899
  149        14.49940
  150         6.63434
  151        10.87652
  152        10.60025
  153         8.32513
  154         5.97569
  155        13.59448
  156         6.28474
  157         8.74001
  158        12.26410
  159         7.08139
  160        12.62948
  161         9.38670
  162        15.23803
  163         8.37232
  164         8.54423
  165         9.79013
  166        16.00444
  167         9.00092
  168        10.07103
  169         7.42801
  170         7.25658
  171        11.10454
  172         9.23915
  173        14.00376
  174         7.77695
  175        12.96531
  176         9.19465
  177        10.46965
  178         7.69386
  179        18.40367
  180         8.68586
  181         9.14164
  182         5.60070
  183        11.71576
  184        24.86137
  185        12.71227
  186         5.89863
  187         7.51428
  188        10.43356
  189        11.81941
  190         9.60774
  191         8.82903
  192         6.44503
  193         8.01018
  194         8.41779
  195        11.22648
  196         9.20373
  197        11.32507
  198         7.75036
  199         9.32365
  200         8.36590
  201         6.02063
  202         8.46906
  203         8.19737
  204         8.86248
  205         7.95115
  206        10.92964
  207        12.26001
  208         7.55180
  209         8.61736
  210        10.53193
  211        11.77221
  212        10.75088
  213        17.85782
  214        11.71460
  215        11.36396
  216         6.32293
  217         8.63390
  218        10.33774
  219        10.76043
  220         8.63107
  221        11.39985
  222        12.72395
  223         6.58510
  224        11.87808
  225        22.64706
  226        10.86643
  227         7.08777
  228         9.88983
  229         9.69951
  230         7.74515
  231        12.68038
  232         8.60097
  233         5.59152
  234         9.67369
  235         5.98984
  236        12.86550
  237        11.66126
  238         8.71930
  239         6.78604
  240        14.67637
  241         7.69543
  242         7.33015
  243         6.10846
  244        11.19880
  245        17.48573
  246         7.26846
  247         9.69349
  248         8.30933
  249         6.12274
  250         8.80780
  251        10.31004
  252        12.48453
  253         7.17709
  254         6.71268
  255         6.33895
  256        10.06921
  257        10.69796
  258         8.98992
  259         9.77661
  260         6.89526
  261         4.93087
  262         9.43767
  263         7.85002
  264         9.76760
  265         8.95015
  266         8.66934
  267        13.41922
  268        10.81524
  269         8.75626
  270         7.43943
  271        10.72446
  272         7.48037
  273        12.07429
  274        13.54292
  275         8.37090
  276         9.31720
  277        10.73480
  278         6.58003
  279         6.50566
  280         6.63836
  281        10.42732
  282         8.07099
  283        10.62807
  284        10.54146
  285        10.90067
  286        11.47308
  287         5.59564
  288         9.21079
  289         8.07109
  290         6.85685
  291        12.35935
  292         8.74168
  293         8.27234
  294        10.04630
  295         7.49826
  296         5.99929
  297        11.38708
  298         7.00972
  299        13.48266
  300         6.52105
  301         6.76344
  302        16.57996
  303         9.66473
  304        14.48832
  305         8.41172
  306        10.67742
  307         8.29414
  308         8.43154
  309         9.48784
  310        19.20892
  311        15.58458
  312         7.98286
  313        10.01061
  314         8.38839
  315         6.87943
  316        12.35493
  317        11.77106
  318        17.52719
  319         6.87586
  320        16.45943
  321         9.99867
  322         7.30112
  323        14.11070
  324         8.02957
  325        10.13091
  326        11.00347
  327         8.01358
  328         5.87329
  329         7.74041
  330        11.98913
  331        11.86608
  332        10.42178
  333         7.75449
  334         8.81270
  335         8.20136
  336        12.29965
  337         9.57661
  338        18.41518
  339         8.45472
  340         9.92155
  341         6.87322
  342        10.07515
  343         9.54606
  344         7.25261
  345         6.31881
  346        13.73793
  347         7.74814
  348        11.68752
  349         7.11247
  350         7.12573
  351        11.74348
  352         8.05619
  353         9.07684
  354        11.86408
  355         8.01307
  356         8.79924
  357         8.58005
  358        10.61893
  359         9.45296
  360         8.83945
  361        10.73863
  362         9.37696
  363        11.42507
  364        11.10214
  365         8.92428
  366        11.24924
  367        10.82639
  368         9.08481
  369         9.81957
  370        11.03003
  371        10.36454
  372        11.42228
  373         7.34607
  374        13.11653
  375        14.27169
  376         9.13262
  377         6.81118
  378         8.78132
  379        12.08225
  380         7.45224
  381        11.44422
  382        10.16688
  383        13.91755
  384         8.69258
  385        10.34304
  386         8.35682
  387        10.41203
  388         7.31670
  389        10.19289
  390         9.55668
  391         8.76602
  392         8.24286
  393        17.32903
  394        11.57797
  395         7.83915
  396         7.75136
  397         6.33478
  398        10.19448
  399        11.62616
  400        11.05484
  401        14.41298
  402        10.82761
  403         6.63705
  404        13.38512
  405         9.31064
  406         9.47149
  407        17.36893
  408         6.38795
  409        11.72248
  410         6.74610
  411         5.40991
  412         6.24456
  413        12.74238
  414         5.77137
  415         8.50756
  416         8.53360
  417        10.95494
  418        12.49528
  419        12.00573
  420        10.17687
  421         7.68154
  422        11.81960
  423        13.23341
  424        16.27916
  425         8.57545
  426        14.47750
  427         7.68126
  428        12.00309
  429         8.31623
  430         7.03435
  431        15.59006
  432         8.29741
  433         7.90866
  434         6.82537
  435         6.28052
  436         9.77354
  437        11.89560
  438         7.32780
  439         8.30964
  440        11.95120
  441        13.87619
  442         6.51745
  443         9.67209
  444         8.86550
  445        13.21404
  446         8.94014
  447         8.43612
  448        12.57006
  449         7.99191
  450         8.67747
  451        11.07826
  452         9.55002
  453        11.08061
  454        12.89617
  455        10.42573
  456         6.29016
  457        12.39156
  458         8.69869
  459         9.57380
  460        22.30383
  461        12.21805
  462         9.41735
  463        12.35248
  464         8.49772
  465        11.76184
  466        11.84238
  467         7.08044
  468         7.38109
  469         7.95716
  470        10.32210
  471        11.42153
  472         7.94247
  473        15.35538
  474        10.83268
  475        11.02617
  476         6.96244
  477         7.97138
  478        10.01052
  479        13.35949
  480        11.11156
  481        16.18370
  482        10.90138
  483        10.50615
  484        16.80145
  485         9.00493
  486         8.48571
  487         8.23017
  488         9.92261
  489         9.46185
  490         6.30283
  491        11.25240
  492         7.50463
  493         7.88905
  494         8.96261
  495         6.48074
  496         7.37394
  497         9.59683
  498         7.53969
  499        12.05703
  500         7.51866
  501        18.95714
  502         9.66212
  503         7.77344
  504        10.67732
  505         8.77682
  506        10.91037
  507        12.22199
  508         9.47182
  509         8.90842
  510        16.28002
  511         7.85716
  512        11.56118
  513         6.87845
  514         6.32549
  515         9.39274
  516         8.48989
  517        10.11386
  518        11.02077
  519         7.59191
  520         8.44078
  521        11.22900
  522         6.31441
  523         9.74917
  524         9.43838
  525         8.21763
  526         8.98178
  527        24.12246
  528         6.52840
  529         8.52242
  530        15.68081
  531         9.87181
  532        10.88997
  533         9.10427
  534        10.09712
  535         9.51473
  536         8.92939
  537         7.24879
  538        10.21488
  539        13.94248
  540         7.70071
  541         8.43307
  542         8.04826
  543        13.06199
  544         5.80578
  545         7.07809
  546        10.10583
  547        10.22130
  548         8.93947
  549        18.37310
  550         9.54996
  551        11.68793
  552        13.54088
  553         8.62357
  554        13.62422
  555         7.75118
  556        11.34548
  557        10.41844
  558         9.36347
  559        12.74228
  560         9.88769
  561         7.91572
  562         6.34087
  563        11.49053
  564        10.36813
  565         5.61700
  566        11.89563
  567         8.50522
  568         8.25854
  569         9.87612
  570         9.63586
  571        11.35159
  572         7.07271
  573        11.72529
  574         5.93254
  575         7.99676
  576         5.70496
  577        13.24173
  578         7.34825
  579        11.24065
  580         7.05896
  581        10.08171
  582         9.01699
  583        13.28200
  584         5.36533
  585         6.23741
  586        10.79905
  587         8.17314
  588         5.91818
  589         7.60727
  590        10.59897
  591         6.25519
  592         8.54295
  593        11.59931
  594         8.01268
  595        10.44015
  596         8.25444
  597         8.02163
  598        13.02771
  599        10.78032
  600         7.29989
  601        20.75698
  602         8.83779
  603        10.20219
  604         9.87765
  605        13.00717
  606         7.91970
  607         9.08725
  608         8.20004
  609        13.98142
  610         8.03553
  611         7.24760
  612        10.30609
  613         9.02334
  614         6.87937
  615        10.11265
  616         6.07712
  617        12.37639
  618         8.50051
  619         8.98590
  620         9.79910
  621        10.68668
  622        10.16432
  623        12.52182
  624        10.17290
  625        12.03752
  626         8.75484
  627        10.21160
  628         7.75791
  629        14.30979
  630         7.94897
  631         6.46328
  632         7.34469
  633        11.27281
  634        10.18851
  635        12.92840
  636        11.55482
  637         6.84500
  638        10.18177
  639        10.68536
  640         6.71168
  641        11.28514
  642        11.63666
  643        13.32214
  644         9.75356
  645         6.41564
  646         6.49291
  647        19.39441
  648         6.76894
  649        12.20485
  650        10.21030
  651        14.08567
  652        13.22550
  653        14.48020
  654         6.86565
  655         7.85655
  656         5.79251
  657         7.99076
  658         8.03156
  659        13.85068
  660         7.56761
  661         6.88554
  662         7.43642
  663        14.59966
  664         6.18524
  665         9.17038
  666         7.56907
  667         8.09356
  668        10.02519
  669         9.99950
  670        13.49732
  671        10.26955
  672        15.58180
  673         7.41534
  674         7.72893
  675        12.61080
  676         9.94875
  677         8.92855
  678        12.03954
  679        13.91715
  680         7.48118
  681         8.91705
  682        12.96770
  683         9.05244
  684         8.58310
  685         5.83344
  686         7.85599
  687         8.99337
  688        13.70392
  689         6.50538
  690        17.76277
  691        13.63068
  692         6.01457
  693        14.94087
  694         8.66906
  695        13.42422
  696         9.58543
  697         8.90478
  698         8.68576
  699         8.32554
  700         5.93877
  701         5.17226
  702         8.18680
  703         9.76632
  704         6.20968
  705        10.45430
  706         7.34460
  707         7.68488
  708        16.54025
  709         6.79579
  710         8.39375
  711        13.73692
  712        10.70429
  713         7.53857
  714        11.36718
  715         9.42650
  716         6.56718
  717         9.98309
  718         8.83432
  719        12.64874
  720         9.96526
  721         9.80579
  722         9.16575
  723        10.58507
  724        10.19600
  725         7.67639
  726        13.08326
  727        10.10931
  728         8.51579
  729        12.17794
  730        10.54751
  731        10.13517
  732         9.02326
  733         9.88905
  734         9.90892
  735         8.71687
  736         9.23059
  737         8.13842
  738        17.58889
  739        18.48301
  740         9.05865
  741        10.06857
  742         7.88413
  743         9.06280
  744         6.81743
  745        11.29207
  746        10.13794
  747         9.86412
  748        12.62318
  749        10.77654
  750        13.47095
  751         6.72710
  752        12.97751
  753         7.43678
  754        18.38622
  755        10.13907
  756        13.58704
  757        11.74828
  758        12.05417
  759        10.51375
  760        11.37442
  761        11.35617
  762        12.40120
  763        11.03833
  764        10.08641
  765         8.60202
  766         9.33178
  767         5.95249
  768         7.43724
  769         8.22065
  770         8.52065
  771         6.34893
  772         6.23183
  773         9.21468
  774         9.10119
  775        16.16609
  776         8.10753
  777         6.84164
  778        14.01312
  779         8.76961
  780         6.67943
  781         7.79595
  782         9.68759
  783         9.25585
  784         6.48960
  785        11.46272
  786         6.50512
  787         7.52362
  788         9.66399
  789         8.44351
  790         7.81554
  791         9.43822
  792         9.82142
  793        13.13712
  794        13.23806
  795        13.76328
  796        10.87565
  797        11.00112
  798         7.48670
  799        15.70748
  800         7.41480
  801         9.88627
  802        14.88243
  803        18.47644
  804         7.87587
  805         5.17930
  806        11.14544
  807         9.56255
  808        13.27247
  809         9.15586
  810         8.16480
  811         9.61504
  812         7.59035
  813        17.04260
  814         9.30924
  815         7.48078
  816        14.18495
  817        11.40230
  818         6.38281
  819        12.08179
  820        10.39020
  821        12.40136
  822        10.39414
  823        13.50105
  824        10.76321
  825         7.86654
  826        10.81144
  827         8.45895
  828         9.19189
  829        10.91205
  830        12.23487
  831        10.41057
  832         8.49465
  833         6.47764
  834        12.70406
  835         9.50739
  836         9.34761
  837         6.97899
  838         8.46481
  839        10.84911
  840        10.78699
  841         6.99208
  842         7.01693
  843         8.31489
  844        10.34119
  845        11.00984
  846         8.29359
  847        11.27738
  848         7.96427
  849         6.38441
  850        12.48550
  851         7.82458
  852         8.13805
  853        14.72882
  854         9.14901
  855         9.25970
  856         6.10851
  857         8.11631
  858        15.03793
  859         8.70286
  860        11.97374
  861         9.55762
  862        10.52950
  863        12.54233
  864        18.08181
  865         6.71485
  866         9.01811
  867        10.67522
  868         7.65642
  869        13.34665
  870         9.84674
  871         7.70530
  872        12.69590
  873         8.93672
  874         9.90773
  875         8.93411
  876         6.77698
  877         7.21158
  878        19.50904
  879        12.70106
  880         6.84064
  881        10.34407
  882        12.75736
  883         9.35554
  884        12.11708
  885         8.17733
  886        13.80736
  887        10.25904
  888         6.63323
  889        11.20984
  890         9.52396
  891         8.71743
  892         6.51939
  893         8.29088
  894         8.21194
  895         8.00957
  896         8.31635
  897         8.77507
  898        11.14920
  899        10.59310
  900        13.59346
  901         7.62817
  902         5.43481
  903        12.36890
  904         9.28614
  905         8.35245
  906         5.67229
  907        11.05417
  908        13.03485
  909         6.11024
  910         7.67834
  911        10.60418
  912         7.95514
  913         7.93414
  914         8.49452
  915         9.40585
  916        16.19980
  917        11.20571
  918        10.11059
  919        10.43992
  920         9.25224
  921         8.02533
  922         8.78682
  923        11.76186
  924         7.65721
  925         8.57033
  926        14.40473
  927         7.69582
  928         9.93263
  929         8.77453
  930         7.16962
  931        10.05431
  932         8.67280
  933         9.32062
  934        10.09300
  935         8.87573
  936         9.29080
  937         7.26381
  938         9.69193
  939         8.45617
  940         9.98647
  941         7.81824
  942        12.76309
  943        10.92897
  944        10.96790
  945         7.95451
  946        11.63528
  947         8.71987
  948         5.48052
  949         8.17058
  950         8.43933
  951        19.07784
  952        10.75484
  953         9.71609
  954         7.41745
  955        10.34753
  956        15.94012
  957         6.26388
  958         8.47648
  959         7.68043
  960         5.75585
  961        10.11960
  962         7.58166
  963         7.68794
  964         7.17751
  965         7.70182
  966         9.85172
  967         9.16688
  968         7.57154
  969        12.55740
  970         6.36628
  971         6.52230
  972        12.97174
  973         6.29104
  974         7.21386
  975        16.84189
  976         9.20538
  977         9.42340
  978         9.37834
  979        11.30966
  980         9.96724
  981         9.47061
  982         9.13126
  983         7.77831
  984        10.15391
  985        11.48932
  986        10.58218
  987         8.81320
  988         8.32263
  989         6.81193
  990         9.33181
  991         7.14338
  992         9.81054
  993        15.60201
  994        17.30231
  995         9.97926
  996        11.41644
  997         7.83174
  998         8.52887
  999        17.03727
 1000        10.41401