#      772207381   -filetype ZipermE.out 
#
# QTL Cartographer v. 1.17e, 27 August 2003
# This output file (qtlcart.z3e) was created by ZMapQTL...
#
# It is 22:06:02 on Sunday, 09 December 2018
#
#
#The position is from the left telomere on the chromosome
-window      10.00      Window size for models 5 and 6
-background      5      Background parameters in model 6
-Model           3      Model number
-trait           6      Analyzed trait [lin_rsq_t]
-cross         Ri1      Cross
#
#  Note that our Likelihood ratio test statistic compares two nested hypotheses
#  and is two times the negative natural log of the ratio of the likelihoods.  For example,
#  assume that  hypothesis H0 is nested within H1 and that they have likelihoods L0 and L1 respectively.
#  Then, the "Likelihood Ratio Test Statistic" is -2ln(L0/L1). 
#
#  Repetition    GlobalMax  -start  
    1         5.15638
    2        11.11276
    3        10.10830
    4        11.70331
    5         6.97152
    6        10.44137
    7        11.38003
    8        11.73164
    9         8.13068
   10         8.22523
   11        10.21903
   12         8.89256
   13         8.51995
   14         6.53723
   15        10.61694
   16         6.29421
   17        10.96379
   18         8.00907
   19        12.88764
   20        12.98792
   21        10.19101
   22        14.01702
   23         7.27851
   24         7.56165
   25         9.22204
   26        11.09552
   27         8.98979
   28         6.99903
   29         8.57644
   30         8.53875
   31         9.24660
   32        14.56853
   33         8.97421
   34        10.20057
   35        11.60819
   36        12.43292
   37        10.07649
   38         7.68609
   39        10.68057
   40         9.34523
   41         9.64358
   42         9.77217
   43         7.59953
   44         9.37823
   45         9.61860
   46         7.66016
   47         8.99740
   48         6.76211
   49        10.80946
   50         9.71388
   51         9.52338
   52         6.61074
   53         8.30856
   54         8.90955
   55         5.79354
   56        11.40227
   57         7.02197
   58         9.01107
   59        10.80472
   60         7.40602
   61         8.29402
   62         7.88390
   63         9.15573
   64        13.09135
   65         9.29623
   66        11.24171
   67         9.36588
   68         9.64939
   69        13.85220
   70        11.93008
   71        12.05534
   72        10.11983
   73        12.64713
   74        10.97451
   75         9.41732
   76        12.74890
   77         8.30770
   78         8.62306
   79        10.80334
   80         6.44946
   81         8.36523
   82         9.78018
   83        12.68175
   84        10.03844
   85         7.10446
   86         6.58715
   87         7.84652
   88         6.30063
   89        11.30774
   90        17.02686
   91         7.71304
   92         9.71542
   93         9.70679
   94         8.43917
   95        11.22380
   96         5.66600
   97        11.30169
   98         8.77103
   99         6.57172
  100        10.90846
  101         8.52407
  102         6.29868
  103         8.95276
  104         8.91211
  105         9.42094
  106        12.63113
  107         7.79243
  108        17.22666
  109         9.84445
  110        13.78023
  111        11.55900
  112         8.28678
  113         9.78582
  114        13.29757
  115        11.55590
  116        10.02391
  117         7.91548
  118         8.66963
  119         8.02173
  120        12.04054
  121         6.53280
  122         9.46746
  123         7.30536
  124        14.13839
  125         9.07390
  126         9.04059
  127         9.48367
  128         9.44271
  129        10.27103
  130        10.57029
  131        13.92601
  132         8.15242
  133         7.42244
  134        23.61842
  135         6.80519
  136        11.50102
  137         8.78493
  138         8.25857
  139         7.60016
  140        10.37160
  141         9.50266
  142        10.38253
  143         6.45710
  144         9.79852
  145         9.19307
  146         6.66450
  147         7.95086
  148         6.99972
  149        17.31858
  150        11.62882
  151        12.47438
  152         9.86256
  153        10.06419
  154         9.15608
  155        11.27253
  156        14.68579
  157        11.27679
  158         8.41154
  159         7.04479
  160         9.04782
  161         7.14688
  162        11.60250
  163        12.17258
  164        12.00755
  165        10.48492
  166         6.93043
  167        10.18170
  168         8.61639
  169        10.42812
  170         9.78434
  171        10.93970
  172         7.20951
  173         6.98496
  174        12.60372
  175        12.64818
  176         9.79123
  177         8.64466
  178        11.21200
  179         7.18395
  180         5.74478
  181        10.66497
  182        12.11104
  183         8.14963
  184         6.08593
  185        10.45001
  186        10.62359
  187        11.96381
  188         6.80663
  189         9.86145
  190        10.98583
  191         7.36363
  192        10.72790
  193        10.09059
  194        10.85892
  195         8.44339
  196        13.07989
  197         7.20711
  198        16.95302
  199         8.81882
  200        13.13104
  201        12.52871
  202         6.96383
  203        13.11792
  204        11.09905
  205         9.04803
  206        10.21052
  207         8.94870
  208        12.64759
  209         6.44106
  210         6.56536
  211         7.93091
  212        14.07470
  213         7.05730
  214         4.95568
  215        11.73678
  216         9.62530
  217         6.68751
  218         8.14637
  219         9.64167
  220        14.09788
  221        11.70899
  222        10.92339
  223        10.62253
  224        10.13981
  225        10.54143
  226         9.49047
  227        10.81062
  228         8.79177
  229        18.29798
  230         9.30081
  231         9.20589
  232         8.36125
  233        14.27737
  234        10.91158
  235         9.29966
  236         9.75967
  237         7.38011
  238         6.91693
  239        21.67099
  240        11.25272
  241        12.26318
  242         9.71478
  243         4.84489
  244         7.32640
  245         8.87331
  246        10.72545
  247         8.02463
  248         9.17667
  249        12.78351
  250        13.30342
  251         7.38281
  252         5.40286
  253         7.98253
  254         6.63611
  255        10.23614
  256         7.92911
  257         6.86161
  258         8.72672
  259         6.67682
  260         8.69047
  261         7.83726
  262         7.61677
  263         7.36338
  264         7.73271
  265        12.43171
  266         7.44094
  267        11.45866
  268         8.53087
  269        24.15478
  270         7.62057
  271         8.72251
  272        11.45794
  273        11.71022
  274        10.41895
  275        10.19022
  276         7.27112
  277         6.75303
  278         6.88931
  279         8.37879
  280         8.26825
  281        10.22614
  282        12.34745
  283         7.68197
  284         5.64259
  285         8.14538
  286        11.20990
  287         8.29724
  288         8.82803
  289         7.48008
  290        12.92612
  291        11.73594
  292         8.22356
  293         8.79894
  294         6.28852
  295         7.51206
  296         9.27162
  297        10.19508
  298        11.93862
  299        12.86263
  300         6.09991
  301         9.95754
  302         8.03326
  303         9.06751
  304        10.40128
  305        11.60194
  306        10.86510
  307         7.67213
  308         6.23405
  309         6.64710
  310         6.71396
  311        14.12991
  312        15.76324
  313         8.84590
  314         9.35477
  315         9.77000
  316         7.51620
  317         8.35601
  318         9.94117
  319        11.99745
  320        11.42927
  321         8.81031
  322         6.88012
  323         8.90074
  324        10.17450
  325         8.62776
  326        10.75976
  327        10.04003
  328        13.22747
  329        10.55023
  330        11.58580
  331         9.52790
  332         7.49173
  333         8.29043
  334         6.63213
  335        13.41066
  336         8.75185
  337         5.66025
  338        10.02936
  339        11.32762
  340         5.76259
  341         7.65172
  342        12.96239
  343         7.05801
  344        14.98202
  345        11.97135
  346         6.78164
  347         8.42821
  348         7.46140
  349         8.12985
  350         8.06366
  351        18.82265
  352        19.30023
  353         7.41920
  354        10.25848
  355        13.16715
  356        15.51145
  357        15.42446
  358         5.83482
  359         6.54153
  360        10.50714
  361        13.77492
  362         9.63238
  363         7.07109
  364         6.85023
  365         7.53581
  366         7.26056
  367         8.11860
  368         7.35690
  369         7.97097
  370         8.90076
  371         7.19255
  372        11.67861
  373         9.69714
  374        10.58676
  375         7.30126
  376        10.07306
  377        13.88710
  378        13.28676
  379         6.76365
  380        12.00004
  381         7.70466
  382        11.84367
  383         8.55092
  384        10.06747
  385        11.57476
  386         7.09041
  387         8.57825
  388        14.52233
  389         9.96466
  390         7.38554
  391        18.58426
  392        12.82218
  393         7.92566
  394         8.46144
  395         9.01009
  396         7.43167
  397         5.46689
  398        11.83090
  399         9.01878
  400         7.66073
  401         7.96338
  402        10.62698
  403         8.42556
  404         6.17032
  405        11.21104
  406        11.86705
  407        10.53204
  408        10.10625
  409         8.24220
  410         4.80486
  411        10.09973
  412        10.11243
  413         6.87054
  414        11.23770
  415         8.65297
  416        10.40716
  417         6.76443
  418        10.95830
  419        12.31348
  420        12.10641
  421         7.08134
  422        18.38219
  423         6.84907
  424         6.70914
  425         9.62356
  426        10.61552
  427         7.38695
  428         6.68788
  429         8.34284
  430        11.51511
  431         8.29287
  432         6.34575
  433        11.80447
  434         6.06618
  435         9.49004
  436         7.57651
  437         8.74950
  438         8.80893
  439         6.03752
  440         8.07568
  441        10.26460
  442         9.45087
  443         7.62851
  444         7.86718
  445         8.57161
  446         9.03919
  447         9.77305
  448         9.25920
  449         8.70095
  450        12.77062
  451        10.52099
  452        11.89272
  453         9.36079
  454        10.49652
  455         6.41213
  456         9.71997
  457        16.54563
  458         6.97290
  459         8.79232
  460        15.72236
  461         6.73743
  462         7.60080
  463        15.47634
  464         6.80199
  465         7.31433
  466         9.42056
  467         8.30948
  468         7.31706
  469        10.69618
  470         8.81686
  471        10.56979
  472        13.25900
  473         8.31923
  474        13.21832
  475         9.99717
  476        14.46017
  477         9.72626
  478        10.14748
  479        16.96381
  480        13.44902
  481        10.26170
  482        12.02321
  483         9.46257
  484        11.68934
  485         8.49171
  486         5.05623
  487         9.18506
  488         9.69150
  489         9.00321
  490        10.67419
  491         9.51550
  492         6.61879
  493         6.71798
  494         6.63781
  495         5.81153
  496         5.86413
  497         9.63559
  498        13.74235
  499         7.60448
  500        12.06630
  501         9.83371
  502        11.49358
  503         8.94755
  504        13.62858
  505         8.36725
  506         9.39838
  507         6.94262
  508        11.45993
  509         7.52820
  510         7.48988
  511         6.98886
  512        15.92139
  513         8.02769
  514        11.12904
  515        12.94421
  516        10.05148
  517        13.09246
  518         8.51822
  519        11.22520
  520         7.38402
  521         9.22168
  522        11.05673
  523         9.43770
  524        10.98639
  525        11.46373
  526        10.67599
  527         9.31938
  528        13.24090
  529        10.84734
  530        16.80881
  531        12.44450
  532         9.20821
  533        11.87886
  534        11.88954
  535        11.17114
  536         9.80249
  537         6.47918
  538         5.43227
  539        17.51521
  540        12.49111
  541        15.40591
  542         9.39858
  543        10.74996
  544        11.17902
  545        13.23895
  546         8.37812
  547        10.32103
  548        15.40425
  549        15.66514
  550        10.46564
  551        10.79066
  552        17.26713
  553         8.81106
  554        10.63253
  555         7.85133
  556         8.45156
  557         8.43878
  558        12.93765
  559        12.73165
  560         8.40359
  561         8.77229
  562         6.08900
  563         5.14873
  564         7.91461
  565         7.93274
  566         8.31911
  567         5.01067
  568         9.32105
  569        12.42557
  570        13.40913
  571        11.04579
  572        11.59558
  573         7.56746
  574         7.50799
  575         9.98692
  576         9.39369
  577         6.65718
  578         6.99165
  579         7.93298
  580         6.12409
  581         9.31340
  582        12.05619
  583         5.92856
  584         6.39767
  585         9.09146
  586         8.65419
  587         8.09553
  588        17.66966
  589         8.10084
  590        10.79969
  591         6.66615
  592        11.45318
  593        10.24859
  594        18.22553
  595        16.79786
  596         7.56433
  597        10.20640
  598         7.79412
  599         9.79009
  600         6.52661
  601        11.97585
  602         7.52233
  603         5.35854
  604        12.38028
  605         9.57591
  606        12.82464
  607         9.30694
  608         7.67952
  609        10.08887
  610         7.43363
  611         6.83372
  612         7.22373
  613         8.08070
  614        11.18372
  615        12.19096
  616        12.88880
  617         7.77603
  618         8.19063
  619         8.53185
  620         5.99333
  621         8.05135
  622         9.13928
  623         9.73175
  624         8.05898
  625         7.56732
  626        10.66009
  627         6.76617
  628         8.86590
  629        10.32636
  630         6.37718
  631         9.69625
  632        11.44188
  633         9.20168
  634         9.78790
  635        12.17375
  636         8.12786
  637         6.34026
  638         7.25660
  639         8.36830
  640        13.63655
  641         5.67011
  642        12.64070
  643        12.60326
  644         8.75274
  645         9.53217
  646         9.86880
  647         8.33859
  648         8.39735
  649         9.71787
  650        11.60856
  651         8.14179
  652         5.61239
  653         9.06466
  654        10.04263
  655         8.00053
  656        11.69453
  657         9.56418
  658        14.66581
  659         7.60569
  660         7.57470
  661        12.68613
  662        10.58948
  663         9.03691
  664        10.07158
  665         6.25250
  666         6.38640
  667        12.84926
  668         8.29681
  669        12.42180
  670        10.65173
  671         9.14405
  672         9.93119
  673        25.05655
  674         8.13295
  675        20.39320
  676        12.05456
  677        10.66027
  678        13.11844
  679         9.50979
  680        11.91633
  681         7.36211
  682         8.88495
  683         8.36233
  684        10.76702
  685         6.24224
  686        10.05761
  687         9.07109
  688         8.87748
  689        15.08868
  690        11.39118
  691        11.07454
  692        12.39344
  693        15.72100
  694        12.40437
  695        11.89983
  696        10.41745
  697         8.64413
  698        12.61279
  699         9.92759
  700        10.41262
  701         6.92524
  702         8.56920
  703         9.06629
  704         7.20688
  705         9.70742
  706        10.74376
  707         6.98864
  708        16.62479
  709         7.34414
  710         9.98874
  711         8.50243
  712         9.26220
  713        10.69780
  714        18.38193
  715         5.47613
  716         7.90446
  717        14.63374
  718         7.98473
  719        10.58889
  720         7.97437
  721        11.94063
  722        13.06166
  723         5.59249
  724         6.13335
  725        11.44449
  726         7.07421
  727        11.70155
  728         6.31586
  729        12.57098
  730        10.70727
  731         5.33829
  732         9.24785
  733         5.80111
  734         7.05323
  735         8.41402
  736         9.05123
  737         9.86473
  738        10.80956
  739        12.16637
  740         9.08882
  741         8.70033
  742         8.65504
  743        11.03581
  744        14.90278
  745         6.28586
  746        11.90468
  747         7.15436
  748        10.93423
  749         9.61385
  750         7.93254
  751         7.42104
  752         8.14619
  753         5.36532
  754         7.69260
  755         9.60245
  756         8.50244
  757         7.62388
  758         6.69575
  759        17.22768
  760        11.14689
  761         8.36746
  762        10.72666
  763        10.07658
  764        13.84570
  765         5.95780
  766         5.31483
  767        10.84686
  768         8.13263
  769        11.93678
  770        11.18343
  771         8.42554
  772         7.33461
  773         9.75102
  774         8.76501
  775         6.52460
  776        18.01834
  777         7.79658
  778        10.04757
  779         7.87616
  780         7.87254
  781         8.62354
  782         8.93476
  783        12.84138
  784         7.80476
  785        17.10371
  786        11.50852
  787        11.66245
  788         8.75358
  789         9.39709
  790        11.23058
  791        14.13334
  792         9.40137
  793         8.28940
  794         8.92638
  795         6.03520
  796         7.75743
  797         5.78719
  798         7.98354
  799        18.82562
  800         9.02587
  801         8.90842
  802         5.82286
  803         9.79320
  804         5.83115
  805        14.86068
  806         8.98353
  807        12.61695
  808        11.10073
  809         7.48400
  810         8.23905
  811        10.31219
  812        13.05765
  813         6.37345
  814         7.54556
  815        13.32009
  816         9.10731
  817        10.24017
  818        10.32965
  819         6.71657
  820         8.41328
  821         8.80759
  822         7.21648
  823        11.34898
  824        10.57647
  825         9.45449
  826         7.27080
  827         4.46523
  828        19.93369
  829         9.19857
  830         8.68710
  831        12.75953
  832        13.17691
  833        10.68925
  834         8.57204
  835         7.87676
  836        12.47477
  837         7.71792
  838        14.92657
  839        11.57455
  840         8.88186
  841         9.23474
  842        12.26858
  843         7.58142
  844        10.19722
  845         6.62680
  846         9.56392
  847        11.84732
  848         9.83887
  849         8.29100
  850         7.13064
  851         6.42459
  852         6.76868
  853         7.76845
  854         7.28758
  855        12.02092
  856        12.10340
  857         7.91527
  858         8.86117
  859         7.89593
  860         9.20797
  861        11.26165
  862         8.75548
  863         7.80431
  864         7.18389
  865         7.92576
  866         8.74887
  867         9.39089
  868        11.10398
  869         6.80609
  870        10.60652
  871         8.35789
  872         9.53546
  873        10.59977
  874         9.42522
  875        13.06656
  876        13.38250
  877         8.59872
  878         7.75265
  879         9.99622
  880         8.11323
  881         9.51750
  882         5.97172
  883        11.46737
  884         9.99629
  885         9.32731
  886        17.27863
  887         7.83712
  888         7.03837
  889         7.62609
  890        12.43557
  891        14.75428
  892         7.24278
  893        19.26881
  894        10.89289
  895         6.99560
  896        18.00003
  897         9.01956
  898        10.65066
  899         6.72984
  900         7.62788
  901         8.43738
  902         8.96658
  903        10.88063
  904         6.92741
  905         4.99723
  906        10.01767
  907         9.08332
  908        14.57606
  909         5.95737
  910         6.69674
  911        11.69776
  912         6.75952
  913        13.94077
  914         9.88611
  915         9.97840
  916         8.22425
  917        10.83749
  918         9.63609
  919        13.61484
  920        12.73758
  921         7.02614
  922         8.11495
  923        16.86718
  924         8.51867
  925        11.36551
  926        12.67229
  927         8.85975
  928         8.24210
  929         6.33547
  930         7.89260
  931        10.59762
  932         7.80507
  933         9.40617
  934         8.54295
  935        10.71127
  936        10.61005
  937         9.43851
  938         8.52506
  939         8.37869
  940        18.44806
  941         6.32859
  942        20.69809
  943         6.21537
  944        16.48476
  945        17.29459
  946         9.07652
  947         6.51917
  948        11.95101
  949        15.64559
  950        10.13817
  951         7.03490
  952        10.81607
  953         8.97758
  954         9.20527
  955        10.18556
  956        11.18405
  957         6.06865
  958         7.10792
  959         5.91218
  960         8.19387
  961         7.30649
  962        12.58784
  963        12.11119
  964         8.59596
  965         7.53452
  966         7.59306
  967         7.12582
  968        11.02576
  969         6.93557
  970        10.82888
  971        10.89388
  972        25.75332
  973         7.28325
  974        10.50062
  975         7.79989
  976         8.23641
  977         8.43705
  978         6.65603
  979         7.19833
  980        11.26811
  981         9.66825
  982         8.52966
  983        13.49753
  984         8.17547
  985         9.35732
  986         8.87307
  987         6.88771
  988         9.04833
  989        12.63631
  990        10.43244
  991         7.74474
  992         8.44246
  993        10.78625
  994        12.70590
  995         9.03954
  996        11.87916
  997         8.38730
  998        14.20911
  999        11.78226
 1000         8.71424