#      772211997   -filetype ZipermE.out 
#
# QTL Cartographer v. 1.17e, 27 August 2003
# This output file (qtlcart.z3e) was created by ZMapQTL...
#
# It is 00:39:54 on Monday, 10 December 2018
#
#
#The position is from the left telomere on the chromosome
-window      10.00      Window size for models 5 and 6
-background      5      Background parameters in model 6
-Model           3      Model number
-trait           8      Analyzed trait [TUELA]
-cross         Ri1      Cross
#
#  Note that our Likelihood ratio test statistic compares two nested hypotheses
#  and is two times the negative natural log of the ratio of the likelihoods.  For example,
#  assume that  hypothesis H0 is nested within H1 and that they have likelihoods L0 and L1 respectively.
#  Then, the "Likelihood Ratio Test Statistic" is -2ln(L0/L1). 
#
#  Repetition    GlobalMax  -start  
    1        10.43107
    2        12.48568
    3         7.57693
    4         9.06723
    5        10.84223
    6         8.70090
    7         6.66450
    8        10.48349
    9         7.53808
   10        16.42163
   11         6.74368
   12         7.27582
   13        12.32536
   14         9.96938
   15        10.78464
   16         8.39423
   17         7.66911
   18        14.63575
   19         7.75105
   20         7.44634
   21         8.17652
   22        11.06149
   23        11.05117
   24        10.60774
   25         8.18129
   26        11.63530
   27         8.73892
   28         9.28750
   29         6.92078
   30        11.45250
   31         6.52420
   32         7.24433
   33        11.31949
   34         8.14935
   35        10.35828
   36         8.14563
   37         7.36061
   38         5.68483
   39         7.55356
   40        10.65212
   41         8.24847
   42         7.39955
   43        10.98350
   44        15.63956
   45         7.52627
   46         9.05490
   47         8.48740
   48        11.23008
   49         7.88693
   50         6.62999
   51        11.84942
   52        13.91715
   53         7.80662
   54         9.63033
   55        15.98079
   56        10.62511
   57        10.28430
   58        14.33969
   59         8.56400
   60        14.16076
   61        11.82611
   62        12.04877
   63        10.16026
   64        10.31814
   65         7.50692
   66         6.81360
   67         9.26003
   68        16.86460
   69         8.43606
   70         9.89716
   71         7.44299
   72        10.08649
   73         6.04478
   74        13.95825
   75        10.38090
   76         9.55346
   77        13.60977
   78         6.79895
   79         7.07270
   80         9.18931
   81         7.15921
   82         6.08594
   83         9.48101
   84         7.74712
   85         9.48802
   86         8.91310
   87        11.24050
   88         7.77523
   89        10.74130
   90         7.75777
   91        12.69638
   92        11.28409
   93         7.57713
   94        13.63133
   95        13.29631
   96        10.42118
   97        12.01910
   98         9.60068
   99         9.97063
  100         6.41088
  101         9.00178
  102         8.43173
  103        12.26201
  104         9.05863
  105        10.87701
  106        12.93482
  107         9.44615
  108        13.63123
  109         7.81557
  110        11.08397
  111         7.43549
  112         7.38202
  113         9.64366
  114         9.94335
  115        11.54799
  116         9.77723
  117         8.65983
  118        10.01924
  119        11.61852
  120         4.82637
  121         9.17228
  122         9.48251
  123         7.29752
  124        13.76279
  125        10.32841
  126        10.13434
  127        15.67172
  128         8.03067
  129         5.64707
  130        15.14678
  131         6.45636
  132        14.10825
  133        10.23002
  134        14.40175
  135        16.18343
  136        10.04982
  137        16.70911
  138        11.48816
  139        14.68597
  140        18.75147
  141         8.61236
  142         8.90702
  143         9.47912
  144         8.44582
  145        13.59892
  146        10.78848
  147        11.11838
  148         7.87260
  149         8.07513
  150        10.72739
  151        13.69176
  152         5.87098
  153        13.87960
  154         6.62616
  155        10.03317
  156         9.12297
  157         9.97510
  158         8.79877
  159         5.88817
  160         9.33321
  161         8.32201
  162        23.00235
  163         5.94622
  164         9.16186
  165        10.10076
  166        16.45999
  167        10.76778
  168         9.40381
  169         7.67705
  170        10.20772
  171         5.07025
  172         9.28878
  173         7.91582
  174         8.42973
  175        17.88906
  176        11.38183
  177        11.55168
  178        10.45524
  179         8.29339
  180        10.21040
  181        11.20753
  182         9.99598
  183         7.66761
  184        10.73689
  185         6.75574
  186        10.09610
  187         7.01723
  188        10.09180
  189         7.16434
  190        15.81607
  191         8.90190
  192         7.42121
  193        10.68434
  194         7.90814
  195         6.68385
  196         8.19374
  197        11.46792
  198         9.02647
  199         9.36268
  200        10.28661
  201         9.51404
  202        10.00994
  203         9.92565
  204         9.00174
  205         8.23959
  206         7.13440
  207         8.39920
  208         7.18311
  209         6.91904
  210         9.65121
  211         7.73270
  212        11.05433
  213        11.04932
  214         8.10682
  215        14.29868
  216        13.24110
  217        11.75404
  218         8.79556
  219        11.89609
  220        13.12749
  221        11.00640
  222        11.06113
  223         9.84139
  224        11.12214
  225        10.73473
  226        10.16479
  227        16.76814
  228        10.28226
  229         9.84577
  230        11.38069
  231        10.63647
  232         8.29947
  233        10.13990
  234         7.28421
  235         7.62940
  236         6.92943
  237        17.99670
  238        10.74872
  239         7.35831
  240        10.08662
  241        15.19302
  242         7.79615
  243        12.97240
  244        11.50797
  245         9.65117
  246         9.16531
  247         6.10614
  248         8.86183
  249        13.08344
  250         5.86886
  251        10.68056
  252         9.79132
  253         6.92722
  254         7.01758
  255         7.94498
  256         9.98151
  257         6.71141
  258        11.93237
  259         6.86258
  260        19.00595
  261        11.03513
  262         9.76125
  263         6.81044
  264         8.97807
  265         6.80314
  266        11.09701
  267         8.36803
  268         6.10152
  269        11.80323
  270         9.77085
  271        11.12536
  272         9.65220
  273         6.94872
  274         8.55524
  275         9.87062
  276         5.33022
  277         7.37640
  278         9.65912
  279         6.91670
  280         5.58968
  281        11.13553
  282         5.26794
  283         6.34887
  284         8.04582
  285         9.73371
  286        13.41959
  287         8.31336
  288         6.17323
  289         9.09677
  290         8.21747
  291        11.48006
  292        18.62455
  293         7.26017
  294        10.59966
  295         9.27766
  296         8.81249
  297         7.33705
  298        10.70654
  299        11.86983
  300        10.39742
  301         6.55358
  302         9.56536
  303         8.47713
  304        12.43034
  305         8.83726
  306        13.82774
  307        11.39591
  308        10.70422
  309        15.83570
  310        11.85130
  311         9.82622
  312         8.65690
  313        12.71242
  314        10.52629
  315         6.86037
  316         8.59485
  317        13.44420
  318         8.80124
  319        11.17000
  320         9.29685
  321         7.98491
  322        10.31777
  323         9.04010
  324         7.92208
  325        14.08699
  326         8.88297
  327        10.45946
  328        10.81293
  329         7.47430
  330        12.68203
  331         7.74205
  332        12.79909
  333         7.68316
  334        10.26620
  335        13.26078
  336         6.28720
  337        14.14760
  338         7.16650
  339        13.27261
  340         8.89733
  341         7.29408
  342        11.69055
  343         8.91600
  344         7.65027
  345        10.16297
  346        11.79298
  347        10.27797
  348        16.06878
  349        12.52449
  350         8.76775
  351        10.25536
  352         8.58422
  353         9.41621
  354        13.42095
  355         7.38158
  356         9.55378
  357        17.04663
  358         7.99770
  359         7.46440
  360        11.41645
  361         8.23239
  362        10.33298
  363        10.30337
  364         6.72605
  365         6.85250
  366         7.32515
  367        13.34068
  368        12.57622
  369         7.08376
  370        11.81581
  371        13.62229
  372         9.78048
  373         9.72046
  374         8.41954
  375         7.11507
  376        10.75106
  377         8.33401
  378         7.68599
  379         8.07657
  380         9.46027
  381         8.77871
  382        13.38284
  383         9.34002
  384         9.22320
  385         8.20950
  386        11.94205
  387        16.95170
  388        11.18474
  389        10.32559
  390         6.65198
  391        18.65216
  392         6.17941
  393         9.00187
  394         7.05165
  395        10.95706
  396        10.37227
  397         5.86876
  398         9.69851
  399        11.74232
  400         9.23330
  401        13.62741
  402        12.29089
  403        11.55248
  404         5.73285
  405         5.64183
  406         6.18337
  407        10.65944
  408         8.89468
  409        10.48001
  410         9.58345
  411        10.53684
  412         6.47290
  413         9.58566
  414        13.24689
  415        11.71065
  416        10.10523
  417        10.38465
  418        10.41149
  419         6.90670
  420         6.89308
  421        14.93911
  422        15.13807
  423        13.06100
  424         8.71209
  425         6.17416
  426         8.30265
  427         8.80953
  428        10.34667
  429         6.16136
  430         6.95432
  431        21.59870
  432        10.14802
  433        10.33985
  434         9.94585
  435        21.87851
  436         6.67053
  437        12.02391
  438        13.20482
  439         8.59785
  440        11.87300
  441         7.28066
  442         7.98608
  443        10.80052
  444        10.47595
  445        11.32774
  446         8.41101
  447        13.17864
  448         6.29847
  449         7.74736
  450        11.54773
  451         5.84871
  452         8.55152
  453        11.08030
  454         6.97517
  455        14.23155
  456         6.97651
  457         7.87964
  458         8.79685
  459         8.92208
  460         9.33933
  461        10.34792
  462         7.57483
  463         8.09682
  464         6.19984
  465        10.47490
  466        10.50814
  467         7.64864
  468        10.72742
  469         7.97475
  470        10.94505
  471        12.91784
  472         9.75207
  473         7.49875
  474         9.49345
  475         8.00774
  476         9.85485
  477        12.64529
  478        10.42363
  479         6.47272
  480        13.58793
  481        10.92383
  482        13.35546
  483        13.01841
  484         4.77469
  485         8.06214
  486        14.55792
  487        10.04982
  488         7.42468
  489         9.61664
  490         8.02112
  491         8.95538
  492        10.96993
  493        10.02049
  494         8.81345
  495         8.44711
  496        17.40792
  497        11.73804
  498         9.88191
  499         7.15985
  500         8.44513
  501        11.53925
  502        11.26413
  503         9.44565
  504         8.43071
  505         7.64384
  506         9.35748
  507         9.23922
  508        10.87276
  509         7.20759
  510        16.72268
  511         7.46667
  512         8.11269
  513         8.96259
  514         5.50755
  515         6.24275
  516         5.88790
  517         6.61464
  518         9.21807
  519        11.19636
  520         8.36206
  521         9.32149
  522         8.53630
  523         7.42984
  524         8.71122
  525         9.60795
  526        15.06950
  527        11.29714
  528        11.28083
  529         8.58210
  530        13.21394
  531        12.08673
  532         8.76184
  533         6.90152
  534         6.51846
  535        11.83452
  536         9.26707
  537        13.37055
  538         6.07900
  539        10.21143
  540         8.77820
  541        12.80418
  542        10.71492
  543        18.44538
  544        10.07720
  545         9.85129
  546        10.75808
  547         7.49173
  548        12.90096
  549         9.27409
  550         9.35885
  551         8.50694
  552         9.92066
  553         8.08501
  554        12.93113
  555         7.88018
  556        13.73771
  557         6.49653
  558         7.00638
  559        11.36007
  560         8.50562
  561        13.80187
  562        10.76895
  563         8.80880
  564         8.03140
  565         7.62670
  566         6.81027
  567        19.94770
  568         7.36591
  569         9.00735
  570        17.16102
  571         7.85658
  572         7.63462
  573        10.43235
  574         7.27761
  575         8.36222
  576         9.18465
  577         6.92557
  578         7.36163
  579        11.78706
  580        15.42301
  581         5.94783
  582         8.26224
  583         8.44271
  584         7.52283
  585        11.97798
  586         8.81757
  587         8.83083
  588         9.00841
  589        12.22532
  590        10.53730
  591         6.86785
  592         6.40352
  593         7.22531
  594         6.94175
  595         8.15058
  596        10.38487
  597         8.60843
  598         8.26081
  599         8.54222
  600         7.91690
  601         8.17816
  602         7.25568
  603        10.11516
  604        10.59103
  605        10.74515
  606         8.30964
  607        13.87796
  608        16.81307
  609         5.31826
  610         6.04683
  611         9.98477
  612         9.19144
  613         9.47574
  614         6.33268
  615         9.06177
  616        10.52083
  617         6.68315
  618         9.26528
  619         8.89619
  620        12.83874
  621         9.96146
  622         8.63346
  623        10.08643
  624         6.12360
  625        14.09196
  626         5.87429
  627         8.19498
  628        11.62985
  629        15.89237
  630         7.19493
  631        14.52005
  632        11.99800
  633        18.90039
  634        12.29607
  635        12.41083
  636         8.52549
  637         8.20248
  638         8.70490
  639         8.34393
  640        11.62924
  641        11.03451
  642         8.31951
  643         5.05123
  644         8.60541
  645        12.56257
  646         9.59480
  647        14.37216
  648        12.34974
  649         6.71959
  650         9.10682
  651         7.48969
  652         5.93762
  653         7.51355
  654        11.41219
  655         7.99056
  656         7.26404
  657         7.99117
  658         9.52805
  659         6.43925
  660         8.01909
  661         9.38813
  662         9.25645
  663         9.96861
  664         8.27388
  665         6.42969
  666        17.28097
  667        10.86368
  668        12.89132
  669        10.24390
  670         7.57688
  671         8.78929
  672         8.50354
  673        11.49168
  674         7.33449
  675         8.05267
  676         8.05661
  677         9.29386
  678         6.29824
  679         6.52671
  680         6.71113
  681        10.57560
  682        10.97781
  683         8.26714
  684         7.64443
  685        12.00067
  686         7.32949
  687         9.77995
  688        11.58652
  689         9.75694
  690         9.99295
  691        10.97880
  692        16.52631
  693         8.08224
  694         9.47020
  695        18.32374
  696         6.67804
  697         6.62380
  698         9.83031
  699        10.10117
  700         8.52705
  701        10.12115
  702         8.81639
  703         7.64491
  704        11.24775
  705        10.41360
  706         9.84131
  707         8.59534
  708         9.18393
  709         8.73022
  710         8.40299
  711         6.73650
  712         6.38006
  713        14.94328
  714        15.28616
  715         8.67909
  716         8.59576
  717         6.06968
  718        13.29201
  719         9.31555
  720         8.47045
  721         5.17353
  722         7.23485
  723        10.25491
  724         8.98472
  725         6.27110
  726         8.39544
  727        11.79395
  728         9.90246
  729        10.40158
  730         9.65537
  731         8.92702
  732        10.25986
  733        11.52516
  734        11.63160
  735         9.06307
  736         7.18650
  737        11.60458
  738         6.82622
  739        10.96591
  740         6.09865
  741         8.11549
  742         9.15778
  743         7.90045
  744         8.81192
  745        13.93649
  746         5.45220
  747        11.17583
  748         6.93119
  749        14.23708
  750        11.37890
  751        12.55028
  752         8.01668
  753         9.50247
  754         6.10266
  755        13.15286
  756         9.88496
  757        12.67150
  758        20.92234
  759         8.76823
  760         7.23723
  761        12.34525
  762        11.60253
  763         9.98673
  764         9.31151
  765         8.81064
  766        11.99718
  767         6.26423
  768         8.91415
  769        10.28422
  770         9.39779
  771        14.31471
  772         9.84608
  773         8.47360
  774         9.14378
  775        14.85206
  776         8.34974
  777        12.02930
  778        11.53889
  779         6.16475
  780         7.15437
  781         7.80681
  782         8.04765
  783         7.98294
  784         8.10805
  785         9.05906
  786         6.70180
  787         9.07127
  788        10.70157
  789         9.14250
  790         8.40553
  791         7.75116
  792         9.10921
  793        10.39774
  794         8.79492
  795         8.70311
  796        15.55312
  797        10.14956
  798        12.61816
  799         6.56914
  800         9.00588
  801        11.18639
  802         9.03865
  803         8.59459
  804         9.90727
  805        18.01805
  806        16.43387
  807        11.98236
  808        11.68673
  809        11.34402
  810        12.20908
  811         8.98611
  812         7.30822
  813         9.96980
  814         9.45350
  815         6.63546
  816         6.48771
  817        10.34661
  818         8.31907
  819        10.38657
  820        14.10911
  821        10.33541
  822         7.77280
  823         9.08344
  824        10.25995
  825         9.43701
  826         8.95050
  827        16.34786
  828        11.29086
  829         7.57797
  830         7.48247
  831        11.12458
  832        11.78661
  833        12.89115
  834        15.40772
  835         9.45174
  836         9.06555
  837        11.45830
  838         6.55709
  839        11.67753
  840         9.17443
  841        14.72474
  842         6.07214
  843         8.72814
  844         8.34131
  845        10.86611
  846        11.08346
  847         7.72995
  848         8.46269
  849        13.34477
  850         9.15808
  851        10.05397
  852        11.24110
  853        15.73733
  854         7.23490
  855         9.61784
  856        11.68026
  857        11.43335
  858        12.84825
  859        12.26822
  860        11.53536
  861         8.20208
  862         9.15439
  863         7.25433
  864         9.66627
  865         7.80918
  866         9.07723
  867         9.75141
  868         9.47557
  869        13.43754
  870         7.69890
  871         6.78975
  872         9.80698
  873        12.30074
  874        10.52214
  875         5.36442
  876         8.89069
  877        11.94671
  878        16.35653
  879         8.72908
  880         8.42100
  881        16.48143
  882        10.55997
  883        11.15756
  884         7.67467
  885        12.09183
  886        13.38993
  887        10.98705
  888         8.97826
  889        13.49019
  890         5.42907
  891         8.55895
  892         7.96777
  893         8.90345
  894         9.52943
  895         7.32366
  896        12.48781
  897        11.64078
  898        11.34695
  899        12.46362
  900         7.70331
  901        11.03841
  902         7.08264
  903         6.66004
  904        15.29543
  905        11.90424
  906         5.83244
  907        13.12474
  908        13.77354
  909         9.22816
  910         6.70154
  911         5.69938
  912         6.27181
  913         9.94062
  914        10.04244
  915         9.10568
  916        17.45339
  917         5.61565
  918        11.58651
  919         6.47126
  920         6.85628
  921        11.68249
  922        10.59568
  923         8.33496
  924         8.65785
  925         8.50764
  926        10.44645
  927        12.56724
  928         6.48559
  929        12.30043
  930        11.43648
  931        11.03592
  932        10.29301
  933        14.61776
  934         9.21128
  935         7.89643
  936         7.87624
  937        10.04815
  938        13.80461
  939         6.60581
  940        13.82010
  941        10.67578
  942        12.07590
  943        11.04463
  944        11.93741
  945         6.49325
  946         5.66985
  947         8.83862
  948         8.05308
  949        17.03508
  950         8.73591
  951         7.90365
  952         7.63401
  953         7.75019
  954         8.88670
  955        13.80521
  956         9.55219
  957        12.77417
  958        10.05096
  959        10.50890
  960        15.48119
  961         6.07729
  962         9.55130
  963        10.31214
  964        10.34404
  965         9.02273
  966        14.33122
  967        10.45679
  968         9.21979
  969        10.18197
  970         9.68920
  971        10.94905
  972        12.55771
  973         9.30514
  974         7.93592
  975         9.08271
  976        10.97615
  977        10.13965
  978         9.25994
  979        10.17198
  980        10.04655
  981        17.62753
  982        11.65017
  983         9.34554
  984         8.02809
  985         7.90466
  986         8.54976
  987         9.50741
  988        14.73924
  989         8.62920
  990        10.74532
  991         8.16590
  992         9.65890
  993        10.32083
  994         9.52672
  995         9.44819
  996         7.65851
  997         8.63092
  998        11.10058
  999        11.54255
 1000         7.32275