#      772205880   -filetype ZipermE.out 
#
# QTL Cartographer v. 1.17e, 27 August 2003
# This output file (qtlcart.z3e) was created by ZMapQTL...
#
# It is 21:16:01 on Sunday, 09 December 2018
#
#
#The position is from the left telomere on the chromosome
-window      10.00      Window size for models 5 and 6
-background      5      Background parameters in model 6
-Model           3      Model number
-trait           5      Analyzed trait [lin_b1]
-cross         Ri1      Cross
#
#  Note that our Likelihood ratio test statistic compares two nested hypotheses
#  and is two times the negative natural log of the ratio of the likelihoods.  For example,
#  assume that  hypothesis H0 is nested within H1 and that they have likelihoods L0 and L1 respectively.
#  Then, the "Likelihood Ratio Test Statistic" is -2ln(L0/L1). 
#
#  Repetition    GlobalMax  -start  
    1        11.09310
    2        11.69733
    3         6.32129
    4         8.55122
    5         9.54232
    6         5.90112
    7         9.15936
    8         8.34411
    9         5.97696
   10        11.76838
   11         7.34320
   12         8.43496
   13        11.36117
   14         8.07092
   15         8.00989
   16         8.32768
   17         6.54390
   18         7.77472
   19         7.02894
   20         9.48675
   21        12.16248
   22         7.32966
   23        10.13693
   24        14.84142
   25         6.21223
   26        18.13918
   27         9.03578
   28        12.19400
   29        11.11905
   30         9.10908
   31        15.39681
   32         9.20874
   33         9.12623
   34         6.72339
   35        14.43244
   36        10.16544
   37         9.66017
   38        17.24017
   39        20.16366
   40         6.91593
   41         9.59435
   42        12.95244
   43         9.79211
   44         7.40927
   45         7.67973
   46        10.39665
   47        10.70702
   48         9.85424
   49        10.04853
   50         8.45471
   51        12.15843
   52         6.99441
   53        11.09499
   54        12.26313
   55         8.39299
   56         7.97639
   57        14.30850
   58         7.12155
   59         7.89495
   60        16.94109
   61         6.75669
   62         6.56942
   63         6.87777
   64        13.59416
   65        10.84100
   66        12.77743
   67        11.05172
   68         9.33412
   69         8.74583
   70        13.21761
   71         6.58637
   72        15.57583
   73         9.06524
   74        15.37020
   75         7.58850
   76        10.29356
   77         7.99095
   78         8.88072
   79        11.18906
   80        12.01951
   81         7.94473
   82        11.81884
   83         8.15637
   84        10.53258
   85        10.15654
   86        10.85043
   87         7.75558
   88        16.85371
   89         7.50544
   90        10.64677
   91         8.53086
   92        13.44679
   93         7.79041
   94         9.86947
   95         9.65891
   96         5.36613
   97         8.67338
   98        16.78809
   99         8.42288
  100         9.54287
  101         9.31832
  102         7.90739
  103         7.34741
  104         8.26695
  105        14.89841
  106         7.81586
  107        13.06697
  108         7.30047
  109         9.37629
  110        10.00782
  111        15.63974
  112         7.48137
  113        15.55736
  114        14.24092
  115         6.67968
  116         8.19429
  117         8.16095
  118         9.30573
  119         9.28453
  120         6.39731
  121         7.93827
  122         5.48123
  123        10.44984
  124        18.90313
  125         7.69654
  126        11.69366
  127         7.40961
  128        11.07666
  129         7.25368
  130         7.93683
  131        13.00490
  132        18.41235
  133         7.52226
  134        13.84171
  135        11.08566
  136        13.36164
  137         7.30793
  138         8.53190
  139         6.16926
  140         6.15822
  141         9.29007
  142         9.42101
  143        10.45496
  144        13.94626
  145        10.93207
  146         6.26612
  147         9.55523
  148         9.53626
  149         8.67203
  150         5.33972
  151        17.04130
  152         9.69281
  153        15.23331
  154         6.94512
  155         9.89007
  156         7.72237
  157         9.61484
  158         7.91365
  159         7.38698
  160         7.50080
  161        10.69021
  162         9.33651
  163         9.76689
  164         7.32458
  165        10.08221
  166         7.25338
  167         7.00807
  168         9.06668
  169         9.10791
  170         9.60488
  171        10.04291
  172         9.73226
  173         6.14644
  174         8.85162
  175        13.95931
  176        10.08885
  177         8.26523
  178         8.77704
  179         7.79663
  180         8.58056
  181        11.06341
  182         8.13103
  183        12.86110
  184         7.11262
  185         5.64681
  186         8.21217
  187        10.12597
  188         7.61716
  189        16.32048
  190         6.62863
  191         7.56286
  192         8.43158
  193         9.21786
  194        10.26852
  195        16.78687
  196        11.56577
  197         8.89782
  198         7.95502
  199        10.60158
  200         7.48952
  201         9.80578
  202         8.21782
  203         8.83454
  204        19.33391
  205         6.83421
  206         8.16842
  207         8.24238
  208         8.50482
  209         9.12442
  210        11.45041
  211         8.46477
  212         7.04667
  213         8.62244
  214         7.69228
  215        10.63819
  216         8.18532
  217         9.07502
  218         8.72623
  219        11.00138
  220         6.62195
  221        14.25934
  222         9.89872
  223        11.46690
  224         7.71320
  225        10.15683
  226         8.51005
  227        11.50869
  228         8.78106
  229         9.49937
  230         7.14254
  231         9.92709
  232        10.68761
  233        14.11838
  234        14.51492
  235         6.68142
  236        10.75299
  237        11.79684
  238        10.44681
  239         9.29222
  240        11.46916
  241        13.30300
  242        12.65551
  243         7.72666
  244         8.99321
  245        16.77528
  246         6.64030
  247         6.84289
  248        13.10353
  249        12.40315
  250        11.60627
  251         9.05148
  252         7.99198
  253         9.17368
  254        11.31198
  255         9.12204
  256         5.30487
  257         7.11735
  258        10.84279
  259        14.74727
  260         8.56184
  261        12.13907
  262        10.98256
  263         8.21957
  264         7.80083
  265         9.00301
  266        10.12583
  267         9.40874
  268         6.70637
  269         7.10540
  270         7.40509
  271        14.06719
  272         8.32238
  273         9.34528
  274         7.75338
  275         8.01647
  276         9.79232
  277         7.39524
  278         5.02157
  279         7.21719
  280         8.75233
  281         7.84705
  282         7.28348
  283        12.29857
  284         9.39992
  285        10.30762
  286        15.17610
  287        10.62420
  288         7.08183
  289         9.70650
  290         8.63266
  291        11.41745
  292        11.02015
  293         8.78121
  294         6.98066
  295         9.63918
  296         9.02140
  297         8.10722
  298         8.12497
  299         5.91033
  300         8.92688
  301         8.97929
  302        11.90255
  303         8.60332
  304         8.39233
  305        20.01394
  306         6.75059
  307        10.99086
  308         8.86610
  309         9.77110
  310         9.10676
  311        13.63067
  312         9.05774
  313         8.42248
  314        10.00982
  315         7.74541
  316         7.14561
  317         8.96305
  318         9.22287
  319         9.61717
  320        13.71117
  321         7.16029
  322         6.58124
  323        15.68716
  324         7.93897
  325        10.29486
  326        14.68439
  327         9.75036
  328         8.61618
  329        10.27265
  330         6.79587
  331         8.66729
  332         7.58216
  333         6.84178
  334         8.67877
  335         8.04602
  336         7.66807
  337         9.87302
  338         6.94003
  339         8.88855
  340         8.56219
  341        11.73587
  342         8.53466
  343        10.83346
  344        14.96477
  345         7.24202
  346        12.13970
  347         8.05744
  348         8.01585
  349        10.13707
  350         6.69085
  351         9.64133
  352        13.79084
  353        15.63789
  354         9.68465
  355        11.90617
  356        10.95607
  357         8.48538
  358        12.83693
  359        10.06909
  360        10.63652
  361         7.44336
  362        10.23620
  363         8.57903
  364         8.13965
  365        11.07002
  366         6.46836
  367        10.23171
  368         8.30360
  369        10.14884
  370         6.92851
  371        12.37655
  372         8.14508
  373        11.24560
  374         9.19401
  375        14.25182
  376         7.15879
  377        10.35400
  378         6.78683
  379         6.17726
  380        10.74765
  381        13.11603
  382         9.24901
  383         8.73880
  384         7.89037
  385         9.65931
  386         8.74000
  387        15.01014
  388         8.03398
  389        16.31034
  390        10.72256
  391        12.49519
  392        10.36711
  393        10.39211
  394        10.05874
  395        14.16159
  396        10.01318
  397        13.50735
  398         8.00468
  399         9.98824
  400         8.54898
  401         7.65028
  402         7.77513
  403         8.17141
  404        10.85519
  405         8.36253
  406        19.10638
  407        10.75663
  408         9.04146
  409        15.10721
  410         7.25486
  411        10.92793
  412         8.82837
  413        12.01160
  414        11.38391
  415        10.83264
  416         9.91997
  417         8.07513
  418        15.25738
  419         8.61164
  420         9.82743
  421        14.53771
  422         8.16016
  423        17.94970
  424         7.49754
  425         9.84711
  426        15.60225
  427         5.44535
  428         6.93787
  429        11.37473
  430        12.79776
  431         9.39428
  432         9.94516
  433        10.43567
  434        11.10915
  435        10.92913
  436        13.16946
  437         9.60642
  438         9.29590
  439         6.25169
  440        15.15581
  441         9.51896
  442         7.56711
  443        14.44822
  444         7.43236
  445         8.76907
  446         6.52964
  447         8.59048
  448        10.39648
  449         7.25530
  450        14.52130
  451        13.25861
  452        11.23638
  453        10.24868
  454        13.91812
  455        16.69050
  456         8.88767
  457        13.17140
  458         6.56564
  459        11.98815
  460        10.55357
  461         8.33002
  462         8.33927
  463        14.63021
  464         7.67634
  465        13.65530
  466         7.73454
  467         7.25088
  468         7.15097
  469        10.12022
  470        11.22690
  471        10.61647
  472        18.52692
  473         6.32569
  474         8.70404
  475         9.72442
  476         7.25604
  477         8.30055
  478        12.85713
  479         8.08835
  480         8.94829
  481        12.15280
  482         9.25013
  483         7.70534
  484        12.85502
  485         9.79263
  486        10.76967
  487         6.78172
  488        11.68901
  489        10.96229
  490        11.39791
  491         8.23420
  492        12.02634
  493         8.01159
  494        10.81085
  495         6.80048
  496         8.75065
  497        11.23972
  498         7.80417
  499        12.36353
  500        10.04830
  501         8.19231
  502        13.20427
  503        12.48888
  504         6.21117
  505         8.10517
  506         9.18179
  507        10.88782
  508         8.98139
  509         9.01841
  510         8.61746
  511         7.62041
  512        12.53981
  513         9.29666
  514        12.52353
  515        10.98165
  516        11.01859
  517         6.62381
  518        10.08351
  519        11.77729
  520         9.51057
  521         7.56869
  522         7.21008
  523         9.44406
  524         9.58062
  525         6.79252
  526        10.38824
  527         8.04106
  528         4.86882
  529         5.07595
  530         8.73880
  531         9.48373
  532         8.33104
  533         8.66767
  534        10.90246
  535         8.82067
  536         9.12979
  537         9.43304
  538         8.57874
  539        12.98110
  540         9.06093
  541        11.57595
  542        10.66790
  543         9.97806
  544        10.01671
  545         5.78859
  546         8.19435
  547         7.59238
  548         7.07782
  549        13.29632
  550        14.38297
  551         6.58138
  552         8.65543
  553         8.48396
  554        12.27007
  555        14.80450
  556        10.09663
  557        12.87876
  558         7.36071
  559         7.66028
  560         8.37602
  561        12.39613
  562        13.31348
  563         9.61665
  564         9.04014
  565         7.51885
  566         8.28417
  567         9.46981
  568         8.94526
  569         7.56327
  570        25.34817
  571         9.82046
  572         6.85830
  573         7.81292
  574        10.16404
  575         7.67329
  576        17.21078
  577        10.37901
  578         7.11151
  579         9.26988
  580         6.79246
  581         7.60233
  582        10.81752
  583         6.47590
  584         7.54643
  585        10.38063
  586         8.96471
  587        11.68857
  588        10.00728
  589         9.30713
  590         9.88491
  591         4.78329
  592         9.78264
  593        12.55597
  594         7.26463
  595         7.68113
  596         5.74408
  597         9.61202
  598         9.04682
  599         8.43418
  600        13.54034
  601         8.69233
  602         9.72983
  603         4.90565
  604        17.44505
  605         9.49920
  606         8.46360
  607         8.79428
  608         6.88971
  609         6.89633
  610        14.62325
  611         6.67063
  612         6.95422
  613         7.45867
  614        11.70823
  615        12.02168
  616         9.15436
  617        14.69349
  618        17.34725
  619         6.85018
  620        11.05799
  621         8.96190
  622         9.12399
  623        12.70498
  624        12.46421
  625         6.90820
  626         8.20276
  627        12.26495
  628         8.34523
  629        10.62199
  630        11.43468
  631         6.70700
  632        17.84591
  633         9.35577
  634         8.50298
  635         7.66004
  636         7.23406
  637         7.97443
  638        12.94528
  639         8.15889
  640         6.55667
  641        13.23243
  642         9.90836
  643         8.53479
  644         6.25185
  645        11.73185
  646         9.19369
  647        12.52946
  648         9.87239
  649         9.01465
  650         9.46526
  651        11.24602
  652         7.50589
  653        10.49757
  654         6.23362
  655         8.22239
  656         9.06770
  657        11.74599
  658        10.43628
  659         6.66139
  660         9.94467
  661        10.98394
  662        16.72033
  663         7.84598
  664        12.08214
  665        11.73696
  666        14.16048
  667        11.13819
  668         5.19745
  669        11.89794
  670         7.62189
  671        10.54038
  672        12.29527
  673        11.31857
  674        10.12488
  675        10.32931
  676         9.79588
  677         8.35822
  678         7.81832
  679         9.00088
  680        20.91192
  681         9.79276
  682        10.69806
  683         8.68352
  684         8.38438
  685        12.48720
  686         6.19096
  687         9.08451
  688        12.14808
  689         9.25083
  690         8.25707
  691         8.61949
  692        12.26538
  693        14.58208
  694         9.31609
  695         9.13063
  696         7.19183
  697         6.59110
  698        18.69933
  699         6.10351
  700         7.74456
  701         8.89844
  702         8.13713
  703         8.50477
  704        11.45427
  705         7.08322
  706        11.49778
  707         9.98148
  708         8.52451
  709         7.95846
  710        10.18415
  711        10.32418
  712         8.02294
  713         9.07531
  714        13.64142
  715         8.16885
  716        12.22449
  717         6.63479
  718        10.74234
  719         8.61150
  720         8.99811
  721        10.31938
  722        10.40856
  723         9.05413
  724         8.48771
  725         6.92300
  726        13.89964
  727        13.00261
  728         9.66432
  729        12.08508
  730         8.20163
  731         9.58024
  732         9.85010
  733        11.07212
  734         9.77621
  735         9.06611
  736         9.76678
  737        12.29621
  738         6.67943
  739        12.66112
  740         8.73833
  741        10.48151
  742         8.05016
  743         5.86124
  744         7.54382
  745        19.58010
  746         8.70973
  747         8.18440
  748         9.25999
  749         7.75232
  750         9.89565
  751        11.39117
  752         6.50084
  753         9.23780
  754         6.55976
  755        14.69775
  756         9.48836
  757        12.41311
  758        16.03121
  759         8.43206
  760         9.07128
  761         7.52223
  762         9.53215
  763         8.55886
  764        11.02840
  765        10.75766
  766         8.82241
  767         8.50497
  768         8.51350
  769         6.15598
  770        15.72053
  771        10.80816
  772         9.59542
  773         7.27828
  774        16.04704
  775        12.03765
  776        11.49226
  777        15.72013
  778         7.78781
  779         6.65698
  780         7.04233
  781        10.97628
  782         9.53185
  783         6.61382
  784         7.46809
  785         7.06923
  786         6.77023
  787        10.71157
  788        17.22727
  789         8.31499
  790        19.47007
  791         8.43217
  792        10.94937
  793         9.84204
  794         7.72355
  795         7.56054
  796        14.41781
  797         7.92321
  798         9.23507
  799        11.34456
  800         9.00435
  801         6.16021
  802        10.12895
  803        11.12692
  804         9.90297
  805        14.43015
  806         8.11995
  807         9.47963
  808        11.76743
  809        11.34565
  810        18.62865
  811         8.38820
  812         9.04839
  813        14.72797
  814         8.69491
  815         8.39628
  816         9.42843
  817        28.70464
  818         9.77502
  819         8.96125
  820        13.15094
  821         6.58452
  822        12.15364
  823         7.55286
  824        11.41457
  825         8.07573
  826        10.86694
  827         8.66661
  828         6.16148
  829         7.50121
  830         8.01949
  831        13.11475
  832        11.28524
  833         9.78993
  834         7.33466
  835         7.83981
  836         9.45463
  837         9.11168
  838         6.74014
  839        10.33836
  840         8.01089
  841         6.97100
  842         8.21428
  843        11.48496
  844         8.13962
  845         5.50365
  846        13.56424
  847        11.61738
  848         8.94788
  849         7.49509
  850         9.12246
  851        10.42781
  852        13.57927
  853         8.55787
  854        10.03954
  855         7.01956
  856        11.64575
  857         6.01406
  858        10.66625
  859         6.90608
  860         9.54017
  861         8.35188
  862         9.31424
  863         8.45376
  864         5.99636
  865        10.22860
  866         7.62621
  867        11.03459
  868         6.84635
  869         9.75653
  870        10.62638
  871        10.68915
  872        11.48097
  873        14.17195
  874        11.92031
  875        11.55415
  876         7.88042
  877         9.99683
  878         9.96529
  879         8.40946
  880        11.39189
  881         9.46139
  882        14.06467
  883         7.30113
  884         5.71144
  885        10.47047
  886         6.80909
  887         7.75131
  888        10.41402
  889         7.23011
  890        10.44327
  891         9.15071
  892        13.78138
  893         8.47638
  894        12.86326
  895        10.06840
  896        11.02646
  897        12.61587
  898        11.75336
  899         8.68905
  900         8.89507
  901         6.38175
  902         8.45813
  903        11.70723
  904        12.67410
  905        10.17527
  906        11.65877
  907        11.45622
  908         6.56934
  909         8.70411
  910         7.68338
  911         7.10315
  912         7.47109
  913        10.11048
  914        11.48763
  915         8.29030
  916        10.30307
  917         6.70053
  918        10.56304
  919        10.50603
  920         8.88503
  921         7.02628
  922        11.04198
  923         7.93675
  924        16.70597
  925         9.09838
  926         7.51099
  927         7.31122
  928        10.64673
  929        13.48304
  930        12.24817
  931        12.08274
  932         9.38879
  933        10.89464
  934         5.04270
  935        10.61764
  936         5.97868
  937        10.25570
  938        15.69998
  939         8.36728
  940        13.72431
  941        11.67746
  942         7.08161
  943         6.47644
  944         9.08419
  945         7.29806
  946         8.29678
  947        10.34878
  948        13.23321
  949         6.59469
  950         8.54313
  951         8.09142
  952        12.70754
  953        11.07486
  954        11.26224
  955        12.99423
  956         9.91512
  957         7.62397
  958        13.07166
  959         8.25358
  960         8.25616
  961         9.47669
  962        11.58378
  963         8.66130
  964        12.03628
  965         8.42200
  966         6.99594
  967         7.27069
  968         8.49845
  969        10.78251
  970        10.16189
  971         8.26663
  972        16.59283
  973        19.92775
  974         9.37629
  975         9.32599
  976         8.68934
  977         8.43401
  978         8.45912
  979         9.76270
  980         6.44604
  981         9.08212
  982        11.04316
  983         9.68674
  984         9.99778
  985         8.89295
  986         9.01275
  987         7.00817
  988         9.35033
  989         5.05613
  990        16.29318
  991        14.60516
  992         9.20842
  993         6.41697
  994         7.27692
  995         8.93430
  996         7.91704
  997         9.56993
  998        13.43306
  999        11.74327
 1000        10.69574