#      772225484   -filetype ZipermE.out 
#
# QTL Cartographer v. 1.17e, 27 August 2003
# This output file (qtlcart.z3e) was created by ZMapQTL...
#
# It is 08:09:29 on Monday, 10 December 2018
#
#
#The position is from the left telomere on the chromosome
-window      10.00      Window size for models 5 and 6
-background      5      Background parameters in model 6
-Model           3      Model number
-trait           4      Analyzed trait [lin_a]
-cross         Ri1      Cross
#
#  Note that our Likelihood ratio test statistic compares two nested hypotheses
#  and is two times the negative natural log of the ratio of the likelihoods.  For example,
#  assume that  hypothesis H0 is nested within H1 and that they have likelihoods L0 and L1 respectively.
#  Then, the "Likelihood Ratio Test Statistic" is -2ln(L0/L1). 
#
#  Repetition    GlobalMax  -start  
    1        12.41731
    2         7.16317
    3         7.64229
    4        10.70991
    5         8.49975
    6        10.63940
    7        10.91756
    8         7.90225
    9         7.76966
   10         9.87643
   11         9.79096
   12        11.64670
   13        11.19084
   14        10.60752
   15         8.02826
   16        14.84004
   17        10.29056
   18         8.56050
   19        15.31024
   20         9.64783
   21         9.17184
   22        10.49312
   23        10.41217
   24        11.22839
   25        11.43401
   26         6.59873
   27         8.64735
   28         9.00370
   29         7.10058
   30         8.95848
   31         7.54746
   32        11.47347
   33         8.80964
   34         5.60156
   35        10.81171
   36        10.21154
   37        11.32854
   38        11.34704
   39         8.16980
   40         8.85809
   41         9.89681
   42        15.52738
   43        11.34870
   44        11.15119
   45         9.09625
   46         5.72207
   47         7.81300
   48         6.96160
   49        12.24320
   50         8.40727
   51         9.74326
   52         6.20105
   53        11.93338
   54         8.48306
   55         8.61029
   56        10.74073
   57        10.82447
   58         5.68471
   59         9.18108
   60        10.22545
   61         8.86026
   62        13.15221
   63         7.77352
   64        12.87729
   65        10.01562
   66        11.23837
   67         8.33793
   68         8.82860
   69        10.02429
   70        10.53542
   71         6.44089
   72        10.42060
   73        10.90538
   74         7.31140
   75         6.84292
   76        12.54407
   77         8.31479
   78        12.99642
   79         4.83207
   80        10.40634
   81        12.29952
   82        11.51031
   83         7.16248
   84         7.02640
   85        10.49787
   86        10.14674
   87         7.51119
   88        15.37893
   89         6.26541
   90         6.62786
   91        12.80071
   92         9.12934
   93        12.90206
   94         9.06285
   95        11.46083
   96        10.32234
   97         9.08087
   98         7.24786
   99        16.30105
  100         6.42274
  101        12.98225
  102         9.21745
  103        13.03253
  104         8.64227
  105        11.02019
  106        14.79009
  107         8.67270
  108        10.47062
  109         7.59063
  110         5.57913
  111         9.01476
  112         9.56282
  113        15.07295
  114        11.03954
  115         9.95160
  116         7.12084
  117        16.89814
  118         6.99261
  119         9.18352
  120         9.48835
  121        10.25089
  122        11.51144
  123         8.30587
  124        12.60594
  125        14.82391
  126        11.15923
  127        10.96236
  128        17.19890
  129        17.00876
  130         9.69866
  131         6.72566
  132         5.21768
  133        19.09266
  134         9.22551
  135        10.37903
  136         8.92024
  137         5.77153
  138         6.78496
  139         7.74733
  140        14.60719
  141        12.68032
  142         7.21358
  143         7.77495
  144         8.01420
  145         7.51103
  146        11.06713
  147         7.74233
  148         8.38209
  149         8.36386
  150         6.59459
  151         7.94442
  152         7.93983
  153        11.48027
  154         8.95626
  155         9.40129
  156        10.71747
  157         9.08522
  158         8.89165
  159         6.80111
  160        11.60258
  161         9.41807
  162        10.02113
  163        10.26429
  164         8.80462
  165        11.05148
  166        14.47762
  167         7.80149
  168        12.48623
  169        13.41979
  170         8.38126
  171         6.92780
  172         8.83793
  173        18.43036
  174         7.27095
  175         6.06005
  176         9.04427
  177        10.61261
  178         7.80392
  179         8.89818
  180        10.50978
  181         6.24383
  182         8.41150
  183         8.24478
  184        10.11530
  185         7.73067
  186         7.09736
  187         8.43419
  188         7.38234
  189         7.67283
  190         6.98926
  191         9.00670
  192        12.43354
  193        10.75039
  194         8.34290
  195         6.94424
  196        12.15180
  197         8.45186
  198         8.93273
  199         6.23421
  200        13.47454
  201         9.94883
  202         9.01544
  203        13.15885
  204        10.36770
  205         8.81979
  206        12.74202
  207         9.37369
  208         8.34809
  209        13.45225
  210         6.14226
  211        10.26382
  212         7.56746
  213         5.76324
  214         8.49124
  215         9.49884
  216        10.47147
  217         7.49051
  218        13.40476
  219        11.35763
  220        10.49580
  221        15.63990
  222        12.33546
  223         8.77866
  224         7.94324
  225        12.40632
  226        17.45750
  227        14.64075
  228         9.87973
  229         8.56149
  230         7.74153
  231        10.35189
  232         8.64466
  233         9.66794
  234        12.93501
  235        13.14844
  236         7.39494
  237         6.48157
  238         9.81264
  239         6.02061
  240         8.85905
  241         9.87116
  242        11.02967
  243        14.22234
  244         6.32539
  245         7.86188
  246         7.95597
  247        11.93617
  248         9.55058
  249         8.67433
  250         8.22006
  251        18.08996
  252         9.26413
  253         7.19952
  254        12.70310
  255         9.33346
  256         6.97620
  257         8.15912
  258        13.97889
  259         8.54088
  260        12.13378
  261         9.30779
  262         9.78667
  263         6.45211
  264         9.65460
  265         7.42010
  266        12.28068
  267        11.07607
  268         9.46930
  269         8.32364
  270         8.46857
  271        10.90970
  272         5.80968
  273         6.49963
  274         5.83890
  275        15.30501
  276         8.84059
  277         9.36448
  278         8.90151
  279        16.03904
  280         4.66384
  281         7.00423
  282         9.67502
  283         7.53955
  284         5.92653
  285         6.68752
  286         9.56327
  287        12.43717
  288         8.89449
  289        12.41837
  290         8.43719
  291         8.87490
  292        11.13485
  293         9.33461
  294        12.51472
  295         9.40724
  296        10.34489
  297        10.80253
  298        16.40939
  299         5.89361
  300        10.90836
  301         8.87818
  302         9.38597
  303         7.62365
  304        11.42081
  305        12.81633
  306        10.52904
  307        12.47441
  308        11.47580
  309        11.72935
  310        13.86207
  311         6.67706
  312         7.60018
  313        11.40868
  314        12.14210
  315         8.58598
  316         6.66087
  317        15.32456
  318        10.05607
  319        10.04001
  320        10.01834
  321        10.27370
  322         9.81405
  323        15.32770
  324        14.18056
  325         6.20616
  326        10.59191
  327         8.06266
  328         6.54371
  329        13.78904
  330        10.16299
  331         8.52184
  332         8.60097
  333         7.68254
  334        15.60328
  335        12.12830
  336        15.10864
  337        11.05210
  338         8.61133
  339        10.57279
  340         7.22265
  341         7.93674
  342         6.40811
  343         8.83810
  344         7.08075
  345        14.32282
  346         6.78334
  347         7.14258
  348         9.65268
  349        11.59667
  350         9.71338
  351        10.82348
  352         7.57834
  353         7.19866
  354        14.04351
  355        14.99992
  356         7.78094
  357        11.39040
  358         6.87896
  359        13.03361
  360        13.14900
  361        10.93234
  362         8.28361
  363        12.65619
  364        14.05566
  365        10.97933
  366        10.08747
  367         8.13545
  368        18.54429
  369        10.80392
  370        10.57682
  371        10.02478
  372        10.23607
  373         8.55241
  374        10.34859
  375         9.46479
  376         8.41293
  377         8.52216
  378         8.84788
  379        14.16866
  380         6.03788
  381        10.42276
  382         5.25407
  383         9.34152
  384        13.16949
  385         9.00166
  386        11.99704
  387         6.82641
  388         7.22688
  389         9.35056
  390         8.87345
  391         9.79253
  392         8.80873
  393         7.57174
  394         6.21219
  395         8.79931
  396         7.88990
  397         6.89443
  398         8.57833
  399         7.80300
  400         8.93300
  401         9.17112
  402         5.91094
  403         6.50154
  404        19.31606
  405         8.70214
  406         6.07306
  407         8.73874
  408        11.70118
  409         9.67405
  410         8.34005
  411         9.29810
  412         7.39148
  413        14.50305
  414         8.34973
  415        10.59794
  416        10.76264
  417         8.17122
  418        10.53367
  419         6.61679
  420         5.69955
  421         8.00721
  422         6.37502
  423         9.79202
  424        11.83265
  425         9.18465
  426        10.95170
  427        10.51957
  428         7.63231
  429         6.85488
  430        10.67965
  431        10.04888
  432        10.01596
  433         7.96206
  434        11.50379
  435         8.00422
  436         9.41003
  437         7.18828
  438         5.68056
  439         8.94843
  440         5.73706
  441         7.53497
  442         8.73360
  443         8.73154
  444         8.41535
  445         7.49612
  446        24.14896
  447         7.93343
  448        10.30445
  449         5.95897
  450         7.77634
  451         6.49434
  452         8.34796
  453         6.69858
  454         8.67554
  455        11.77686
  456         9.90090
  457         9.70256
  458        10.56218
  459         7.01567
  460        12.80205
  461         7.56107
  462         7.22636
  463         8.01838
  464         6.79691
  465         9.18796
  466         9.80767
  467        11.02485
  468         8.31631
  469        10.24180
  470        12.47767
  471         9.96974
  472         7.84107
  473         8.32012
  474         9.39626
  475         9.83138
  476         9.36616
  477         8.92825
  478         5.63388
  479         6.06851
  480        12.22285
  481         8.21153
  482         8.40201
  483         7.76906
  484        19.19896
  485        11.87647
  486         9.39182
  487         9.92071
  488        11.38645
  489         9.46321
  490         9.73711
  491         9.74043
  492         6.69625
  493        10.01971
  494         7.21184
  495        10.95068
  496         5.56930
  497         9.16216
  498         7.50784
  499         6.75911
  500        12.44929
  501        10.97864
  502        10.34099
  503         9.78384
  504         9.25801
  505         8.41067
  506        12.71420
  507        11.78719
  508         9.39066
  509        12.47252
  510        13.05907
  511         7.94520
  512         6.00124
  513         6.38364
  514        12.52704
  515         6.75830
  516        10.76776
  517        11.55743
  518         6.95546
  519         9.89617
  520         8.12997
  521         7.66934
  522        13.31602
  523         7.75389
  524         6.33896
  525         8.54114
  526        11.42708
  527         6.11107
  528        10.15946
  529        10.25508
  530         7.99663
  531        14.63189
  532        13.65580
  533        10.52615
  534         8.82097
  535        12.12125
  536         5.63470
  537         6.40790
  538         6.72730
  539        12.62859
  540         9.80138
  541         9.03339
  542        10.01022
  543         7.06694
  544        15.58825
  545         9.18246
  546        12.88113
  547         8.33599
  548         9.03912
  549        13.70807
  550         7.39457
  551        14.78860
  552         9.09971
  553         8.02746
  554        12.89757
  555        10.37256
  556         9.33863
  557         9.08643
  558        12.03680
  559        15.96718
  560        13.21251
  561        11.79315
  562         7.98209
  563        10.02561
  564         8.44891
  565         8.00325
  566        11.19131
  567        17.38333
  568         7.54362
  569         7.52659
  570         8.42358
  571        10.44915
  572         8.43926
  573         8.34861
  574        16.90700
  575         8.04715
  576         9.52631
  577        12.81944
  578         3.91390
  579         6.52664
  580         9.85517
  581         9.15232
  582         6.74138
  583        12.02499
  584         8.34920
  585         7.37902
  586         6.81217
  587         8.84474
  588        10.30664
  589        10.83856
  590         7.95041
  591        10.16063
  592        10.90242
  593        11.56465
  594         9.27810
  595         6.57451
  596         8.40969
  597         7.87508
  598         9.78063
  599         7.53786
  600        10.77658
  601         9.22056
  602         8.41997
  603        13.11365
  604        13.88903
  605        10.83436
  606        12.04343
  607         7.09389
  608        12.77454
  609         9.98858
  610        12.70627
  611         5.66569
  612         8.63714
  613         9.52932
  614         8.87834
  615         8.83013
  616         8.69774
  617        12.72354
  618         5.82259
  619         8.88907
  620         9.07887
  621        13.51453
  622         8.87310
  623         9.21089
  624        11.96864
  625         9.79367
  626         9.41294
  627         6.34757
  628         7.84484
  629         9.64059
  630        10.36765
  631        12.37969
  632        11.10945
  633         8.61918
  634         8.24273
  635        12.33194
  636         9.63575
  637         6.19281
  638         8.59284
  639         8.82474
  640         7.24662
  641         9.69948
  642         8.30594
  643        10.15104
  644        14.09015
  645         6.14395
  646         7.23199
  647         7.84188
  648        16.07076
  649         7.09294
  650         7.56199
  651        10.25271
  652        14.13491
  653        10.70731
  654         9.08019
  655        10.41945
  656         6.01496
  657         7.85882
  658         8.13513
  659        10.25657
  660         9.93057
  661        11.52023
  662        14.82752
  663         8.12052
  664        12.56721
  665         7.49385
  666        11.33857
  667        10.60489
  668        10.79521
  669         8.83544
  670        12.69260
  671         9.15160
  672         8.16134
  673        15.11085
  674         9.11941
  675         7.40989
  676         8.56755
  677        10.98715
  678         6.70116
  679         9.67800
  680         7.86155
  681         6.91940
  682         6.97382
  683         7.62038
  684         7.22426
  685        14.63140
  686        13.32269
  687         8.82585
  688         8.96287
  689         8.88046
  690         7.65307
  691        14.63016
  692        10.90847
  693        15.29013
  694         9.36931
  695        13.05369
  696         8.27644
  697         7.19140
  698        12.06395
  699         9.31677
  700         8.47971
  701         6.45430
  702        15.97404
  703        16.39546
  704        10.07260
  705         8.28080
  706         8.80118
  707        10.05063
  708        12.19401
  709         8.50002
  710         9.87094
  711         9.25586
  712         6.89917
  713         7.36965
  714        20.91396
  715        11.57003
  716        11.96569
  717        10.40549
  718        13.17922
  719        14.74649
  720         9.22193
  721        10.08227
  722         7.75390
  723         8.40855
  724        16.70093
  725         5.48721
  726        15.84176
  727        13.04198
  728        10.92498
  729         7.78552
  730         9.94723
  731        12.42145
  732         6.59635
  733        11.05873
  734         7.95931
  735        13.41008
  736        13.80192
  737         8.55788
  738        13.37865
  739        24.69881
  740        11.25585
  741        10.03008
  742        13.14297
  743         9.02853
  744         7.49573
  745        15.38951
  746         6.61084
  747        11.14306
  748         8.20698
  749         6.17665
  750        11.91342
  751        13.99143
  752         8.77494
  753        11.58557
  754         7.32699
  755         9.30664
  756         9.75407
  757        10.97663
  758        11.93614
  759         8.58139
  760         6.88679
  761         7.07192
  762        17.04324
  763        13.09130
  764         8.98570
  765        11.43010
  766         6.39838
  767        10.17675
  768        11.15249
  769         5.64386
  770        11.08510
  771        12.64013
  772         7.35618
  773        11.78864
  774         8.17214
  775         8.05338
  776         6.62719
  777         8.23174
  778        12.50961
  779        18.27582
  780        10.42260
  781         9.14936
  782         9.86370
  783        11.27489
  784         9.25068
  785         9.79632
  786         9.03656
  787        13.28071
  788         7.81424
  789         9.04846
  790         9.44835
  791        11.26449
  792         6.81023
  793         6.38154
  794        10.07429
  795         9.56845
  796        11.93396
  797        16.51552
  798        10.39531
  799         6.56231
  800         9.88107
  801         7.59579
  802        11.10292
  803         6.16289
  804         9.15603
  805         8.76851
  806        11.11349
  807         6.32690
  808         9.75039
  809         4.74092
  810        10.10545
  811        13.98775
  812         7.55464
  813         8.52450
  814         9.27475
  815        16.27045
  816        10.74541
  817         9.87036
  818         9.66176
  819         9.68354
  820        11.60573
  821         6.25114
  822         7.10626
  823         7.58348
  824         9.16757
  825         7.34706
  826         8.54767
  827        14.30197
  828        13.82308
  829         6.40117
  830         6.50303
  831         8.85174
  832        14.65627
  833        13.09580
  834        22.46344
  835        12.04635
  836         6.69528
  837         8.64286
  838         9.40482
  839         9.80201
  840         8.24095
  841        10.41138
  842        12.41329
  843         8.21967
  844         7.84219
  845         6.19533
  846         9.57931
  847         9.91676
  848         6.14187
  849        11.43363
  850        10.69488
  851         9.44298
  852         8.08157
  853        13.91837
  854         6.73573
  855         7.81698
  856         7.14138
  857        13.17571
  858        11.35064
  859         9.86046
  860         7.97633
  861         9.00900
  862        11.17391
  863         8.61690
  864        13.80040
  865         9.27592
  866         8.31513
  867         9.22230
  868         8.27032
  869        11.25207
  870         9.97821
  871        12.45857
  872        11.22307
  873         7.13052
  874         8.01689
  875         6.41667
  876        11.02846
  877         6.28263
  878        13.68784
  879         9.97568
  880         6.03969
  881         7.65780
  882         6.96771
  883        12.58027
  884         9.65597
  885        10.92730
  886         8.76618
  887         9.02621
  888        11.46995
  889        10.17158
  890         8.85622
  891        18.55439
  892        11.35846
  893         7.43401
  894        15.12963
  895         9.01816
  896        11.08846
  897         7.62710
  898         5.91972
  899        10.29424
  900         8.90681
  901        16.68036
  902        11.72401
  903         8.90472
  904         9.36220
  905        13.48627
  906         6.20763
  907         9.00891
  908        10.27303
  909        14.48456
  910         8.44801
  911         8.27736
  912         8.48846
  913         6.08455
  914         9.97706
  915        16.53565
  916         7.83939
  917         6.62130
  918         8.53942
  919         7.47602
  920         6.70564
  921        10.42419
  922         7.36364
  923         6.47637
  924        11.21323
  925        11.65170
  926        10.31352
  927         6.47425
  928        15.23078
  929         8.05872
  930         7.18136
  931        14.08917
  932         6.51757
  933        14.35717
  934         9.84178
  935         7.78510
  936         9.43118
  937         6.11921
  938         8.44633
  939        10.02677
  940         7.25408
  941        12.49915
  942        11.51585
  943        11.20764
  944         5.99356
  945        11.07030
  946        14.19313
  947         8.83909
  948        11.14927
  949         9.46533
  950         5.87700
  951        12.97671
  952        11.40491
  953         8.03548
  954         8.21008
  955         8.66595
  956         8.05864
  957         8.07961
  958         8.66450
  959         4.73635
  960        20.03669
  961         8.45936
  962        10.35645
  963         9.33591
  964         9.81863
  965        18.93284
  966         9.31202
  967        10.64969
  968         8.46687
  969         6.49702
  970        12.59074
  971         6.98041
  972        11.15301
  973         7.02243
  974         8.60346
  975         8.18168
  976         9.40322
  977         8.39342
  978        12.56354
  979        10.21092
  980         5.91481
  981         7.47554
  982         7.86690
  983         9.78469
  984         8.39522
  985         7.69447
  986        11.82905
  987        13.08610
  988        10.31554
  989         8.67453
  990        11.71442
  991        12.23181
  992         8.77920
  993         9.83064
  994         5.67963
  995         8.61955
  996         7.09135
  997        11.73431
  998         9.20605
  999         7.81476
 1000        11.93025