#      772213483   -filetype ZipermE.out 
#
# QTL Cartographer v. 1.17e, 27 August 2003
# This output file (qtlcart.z3e) was created by ZMapQTL...
#
# It is 01:29:26 on Monday, 10 December 2018
#
#
#The position is from the left telomere on the chromosome
-window      10.00      Window size for models 5 and 6
-background      5      Background parameters in model 6
-Model           3      Model number
-trait           9      Analyzed trait [ULA]
-cross         Ri1      Cross
#
#  Note that our Likelihood ratio test statistic compares two nested hypotheses
#  and is two times the negative natural log of the ratio of the likelihoods.  For example,
#  assume that  hypothesis H0 is nested within H1 and that they have likelihoods L0 and L1 respectively.
#  Then, the "Likelihood Ratio Test Statistic" is -2ln(L0/L1). 
#
#  Repetition    GlobalMax  -start  
    1         8.69328
    2         7.18032
    3         5.17309
    4         9.63901
    5        11.52140
    6         9.36745
    7        11.34824
    8         8.10405
    9         8.35512
   10         9.31920
   11        14.47502
   12        11.57206
   13        10.94483
   14        11.36759
   15         9.89850
   16         9.68830
   17        12.10787
   18        15.73145
   19        10.50920
   20         8.68033
   21         5.55336
   22         8.15143
   23         6.21316
   24        11.66755
   25         8.76028
   26         8.26555
   27        12.29414
   28         8.55696
   29        12.62426
   30         6.76312
   31        12.72550
   32         5.86628
   33        12.06373
   34         8.55047
   35         6.69864
   36        13.02648
   37         5.94460
   38        12.63134
   39         8.73461
   40         9.26024
   41         9.28213
   42        12.17264
   43         9.55184
   44        10.22296
   45        12.55156
   46         9.20099
   47        11.12887
   48         9.01319
   49        10.03294
   50         8.90622
   51        12.98261
   52         6.27231
   53         7.77389
   54         9.91981
   55         7.35967
   56         7.58633
   57        11.71356
   58         6.57426
   59        10.37626
   60         9.91668
   61         8.15702
   62        14.58689
   63        11.21459
   64         9.41847
   65        10.01494
   66         5.92673
   67        12.78684
   68        10.82325
   69         9.90894
   70         9.55566
   71        10.38347
   72        10.60208
   73         6.92373
   74        10.43932
   75         8.02809
   76         7.95432
   77         9.65106
   78        10.23122
   79        15.79822
   80         7.59229
   81         9.19339
   82        10.31532
   83         8.75112
   84        10.90346
   85         8.27780
   86         7.31972
   87        11.26126
   88         6.62538
   89         4.92550
   90         7.87137
   91         6.22405
   92         9.47741
   93        17.96418
   94         8.07727
   95         8.58433
   96        10.77274
   97         9.96943
   98        11.91774
   99         9.32622
  100         9.38225
  101        11.78629
  102         8.33407
  103         6.03623
  104         6.28352
  105         7.70106
  106         9.49951
  107        10.76404
  108        13.46732
  109         7.18357
  110        11.48702
  111         9.13292
  112         6.97028
  113         9.54712
  114        11.05755
  115         7.66526
  116         7.21948
  117         5.94005
  118         7.30654
  119         7.53601
  120        12.57058
  121        13.76817
  122         5.71383
  123         7.92020
  124         7.44794
  125        12.13077
  126         9.28157
  127         8.34607
  128         9.50479
  129        10.29830
  130        17.08485
  131         7.26032
  132        11.54130
  133        10.84345
  134        11.63819
  135        14.43280
  136        11.58883
  137         9.64505
  138         9.08258
  139        11.86273
  140         8.85176
  141        11.54755
  142         8.79703
  143         5.28068
  144        17.54795
  145         6.49286
  146        11.58035
  147         9.83131
  148         9.68400
  149         9.78121
  150         8.87000
  151        11.58743
  152        10.67337
  153        11.59866
  154        20.97178
  155        11.14492
  156         8.86628
  157        15.25880
  158         7.78378
  159        10.54092
  160         7.70753
  161        11.47664
  162        12.29652
  163         7.15852
  164        12.00164
  165         9.72799
  166        10.56041
  167        11.48153
  168        11.59824
  169         9.04142
  170        10.20535
  171         8.62768
  172        13.37150
  173         6.61687
  174        11.22151
  175         7.43042
  176        10.12171
  177         8.80342
  178        10.16490
  179        10.30539
  180         8.77177
  181         8.54165
  182        12.04233
  183         7.34797
  184        12.20884
  185         9.67531
  186        13.65721
  187         9.16348
  188        23.19927
  189         9.16739
  190         8.36535
  191        10.09441
  192        17.85515
  193         8.64280
  194         9.07058
  195         9.74204
  196        12.10404
  197        12.54925
  198        10.12927
  199         9.29027
  200         8.24190
  201         8.55247
  202         9.57148
  203         9.63382
  204         6.33008
  205         9.39370
  206        12.22366
  207         9.67665
  208         8.20891
  209        11.39871
  210         7.66579
  211        11.58090
  212        10.76999
  213         9.08403
  214        11.06446
  215         8.54984
  216        11.58541
  217        12.82181
  218        11.72285
  219         6.63362
  220        10.37335
  221        10.05460
  222         8.66358
  223         8.65174
  224         7.93798
  225        10.33477
  226        10.07003
  227         5.92405
  228         9.74402
  229         6.76685
  230         7.55324
  231        11.36544
  232         8.85007
  233         9.65508
  234         9.98343
  235         9.18170
  236        11.59493
  237        10.08440
  238         8.69147
  239         7.29049
  240         9.58252
  241         9.96794
  242         5.62947
  243         9.41228
  244         8.65345
  245        11.97686
  246         9.04313
  247         6.84634
  248        10.32120
  249         7.73097
  250         8.88802
  251         7.86802
  252         8.07716
  253         7.21570
  254        13.14856
  255        13.29147
  256        12.37018
  257        10.80218
  258         8.95195
  259         9.00388
  260         9.56638
  261         6.93599
  262         8.12110
  263        10.92967
  264         8.30204
  265         8.33343
  266         8.98866
  267        13.45044
  268         7.32244
  269        15.69945
  270        10.67780
  271        17.56185
  272         6.58890
  273         8.01719
  274         6.87729
  275         9.99264
  276        11.22766
  277         8.19199
  278         6.34187
  279        10.41941
  280         7.58664
  281         9.10387
  282        10.54235
  283         9.34708
  284         7.54618
  285         9.63606
  286         8.62492
  287         8.09099
  288        15.62353
  289         8.71560
  290         8.39484
  291        15.22284
  292         8.46023
  293         8.04913
  294         8.22469
  295        10.79504
  296         6.22796
  297        11.61287
  298        12.41346
  299         5.68087
  300        14.13823
  301         8.80924
  302        10.10464
  303         6.09719
  304         5.89393
  305         9.81634
  306         9.50359
  307         9.85314
  308        10.20083
  309        10.26492
  310         7.36834
  311        10.92258
  312        10.78560
  313         8.30117
  314         9.06407
  315         7.41042
  316        10.09588
  317        11.46732
  318        14.02515
  319        10.22212
  320        10.85812
  321         7.11261
  322         6.47718
  323         6.42469
  324        11.19706
  325        12.05969
  326         7.97302
  327         7.87346
  328         7.53817
  329        11.90181
  330         6.84490
  331        12.52266
  332         6.70672
  333        10.77797
  334         8.08194
  335         8.77552
  336        25.05981
  337         8.98624
  338         7.36920
  339        10.66021
  340         6.95780
  341         8.57212
  342        12.92076
  343         7.14998
  344         8.22120
  345         8.42928
  346        10.68142
  347        12.28853
  348         7.56931
  349         8.20136
  350         8.99203
  351         7.72053
  352        14.86667
  353        13.35774
  354        10.10899
  355        11.63330
  356        11.57120
  357        12.85241
  358         7.49815
  359         7.04454
  360        12.88483
  361         9.38080
  362         8.20692
  363         8.70164
  364         9.25495
  365         9.75392
  366        21.69608
  367         9.40969
  368         5.98002
  369         7.70920
  370         7.92983
  371        14.39348
  372         8.64804
  373         9.51201
  374        12.02724
  375         9.94694
  376         9.24981
  377        20.90481
  378        13.98536
  379        13.43315
  380        10.95235
  381        11.87280
  382        10.40061
  383         9.55137
  384         7.21429
  385         9.09104
  386        12.08621
  387         7.17821
  388         9.15881
  389         8.80694
  390         6.92269
  391         8.19296
  392         7.64694
  393         9.66699
  394        13.62798
  395         6.24274
  396         8.75679
  397        13.04394
  398         9.31591
  399        12.47046
  400         9.01278
  401        10.95784
  402        11.21241
  403         9.62718
  404        10.90544
  405         7.19197
  406        10.80663
  407         8.74365
  408         8.55162
  409        13.43386
  410        11.47952
  411         8.67790
  412         8.67880
  413        10.66088
  414        14.47190
  415        13.14679
  416         7.21072
  417         8.88858
  418         6.32316
  419        13.07155
  420         8.05390
  421        13.22193
  422         9.03255
  423        10.52416
  424         8.20567
  425         7.81527
  426         9.18628
  427         8.47917
  428         9.70684
  429        11.21661
  430        10.91476
  431         8.83815
  432        17.08141
  433        11.42397
  434        13.53522
  435         7.77193
  436         7.00574
  437         9.88432
  438         6.68070
  439         9.71425
  440         9.60149
  441         7.91810
  442         7.02412
  443         8.95849
  444         6.18905
  445         9.39378
  446         6.41532
  447         7.83221
  448         8.52041
  449        17.14750
  450        11.80793
  451         8.10488
  452         8.97250
  453        11.07080
  454         7.33899
  455         6.50755
  456        11.51499
  457         7.01487
  458         8.09676
  459         8.12045
  460         7.13497
  461         6.58578
  462         9.65536
  463        11.86805
  464         9.50598
  465         7.56153
  466        14.40387
  467         7.67344
  468        12.77284
  469         9.76003
  470         9.30438
  471        16.14120
  472         8.56332
  473        11.47350
  474         7.40847
  475         8.21750
  476        10.02595
  477         8.91251
  478        10.31715
  479         9.79979
  480        10.65601
  481         8.81068
  482         9.84292
  483        10.11907
  484        11.10051
  485        10.31637
  486         9.63162
  487         6.52809
  488         8.27943
  489         8.30250
  490         9.03934
  491         7.84818
  492         7.56477
  493         8.55469
  494         5.84102
  495        12.56258
  496         7.25561
  497         9.53947
  498        11.12482
  499         5.82809
  500         9.93917
  501        11.39279
  502         8.32467
  503        10.32526
  504        11.90952
  505         8.98711
  506         9.20912
  507        13.61028
  508        10.68816
  509         9.15043
  510        17.67390
  511        11.88949
  512        10.67843
  513         8.76380
  514        11.64394
  515         6.75790
  516         6.43730
  517        15.82830
  518         8.74888
  519         9.47136
  520         8.11678
  521         9.17064
  522         8.40928
  523        12.85947
  524        11.82193
  525         7.90354
  526         7.02178
  527        14.77258
  528        13.76952
  529         8.38126
  530        14.76099
  531        10.34196
  532        10.14527
  533        11.86136
  534        17.92853
  535         8.20409
  536         9.08282
  537         8.95390
  538         8.90260
  539         8.44122
  540         8.21375
  541         9.66039
  542        11.55949
  543         8.07171
  544         8.17105
  545        11.46698
  546         8.56711
  547         6.50025
  548        10.80940
  549         9.73292
  550        10.61190
  551        11.75988
  552        11.80696
  553         8.79569
  554         8.29363
  555         8.30266
  556         7.66101
  557         7.10076
  558         9.16677
  559        10.04337
  560        13.21182
  561        12.11875
  562         9.10716
  563         7.88840
  564        13.76125
  565         7.22277
  566         8.94421
  567         6.02053
  568         7.62670
  569        10.85479
  570         6.93222
  571         6.07591
  572        14.72940
  573         8.68904
  574         8.04550
  575         7.02887
  576        11.76181
  577         9.69101
  578        10.19540
  579         8.34500
  580        10.60096
  581         9.73349
  582         8.40982
  583         9.72404
  584         6.11301
  585        11.43473
  586        13.92063
  587        12.00980
  588         7.97650
  589         6.74524
  590         8.52677
  591         8.57437
  592         6.87045
  593         8.94406
  594        11.66278
  595         7.63953
  596        12.76869
  597        14.42544
  598         9.06849
  599        13.81479
  600        14.43148
  601        11.48721
  602         8.91642
  603        11.02876
  604        11.79146
  605         8.87168
  606        15.21749
  607        10.70706
  608         7.19722
  609         9.67763
  610        12.36526
  611        12.86568
  612         8.35845
  613         9.41648
  614         8.01968
  615         6.94551
  616        11.04634
  617        11.48499
  618         9.58386
  619         9.02701
  620        14.45660
  621        10.92274
  622        10.08718
  623        11.10123
  624        11.82017
  625         9.97248
  626        10.04091
  627         7.39377
  628         8.43591
  629        10.92051
  630         7.19005
  631        10.76876
  632         7.58707
  633         7.35070
  634         6.88438
  635         7.72021
  636        11.16896
  637         9.32688
  638         6.18774
  639         7.47476
  640         9.14370
  641        10.78561
  642        11.07024
  643         9.21462
  644        11.41439
  645        11.12152
  646         9.67087
  647         7.10178
  648         8.41301
  649         7.83553
  650        10.45267
  651         7.47064
  652        10.02809
  653         9.78967
  654         9.14268
  655        10.01410
  656        10.30587
  657        10.65668
  658        11.15883
  659         6.72062
  660        15.06622
  661        10.48179
  662        12.89819
  663         9.95655
  664        10.22129
  665        12.37047
  666         8.76798
  667        18.03141
  668         8.10471
  669         9.77006
  670        10.20000
  671        12.29168
  672        13.80140
  673         6.92293
  674         9.39568
  675        10.15271
  676         7.16836
  677        11.18071
  678        13.05960
  679        14.15596
  680         8.01470
  681         7.89197
  682        15.60051
  683         9.04699
  684         7.02345
  685        10.09077
  686         6.66331
  687         7.39485
  688        10.22192
  689         5.59862
  690        12.29011
  691        11.86690
  692        15.63020
  693        11.25426
  694         9.10014
  695        10.27013
  696         7.05995
  697        11.69772
  698        14.43643
  699        11.49910
  700         7.87829
  701         7.97219
  702         7.43017
  703         8.92981
  704         9.54420
  705        11.00564
  706         6.52187
  707        11.00941
  708         7.31807
  709        14.05077
  710         9.31623
  711         8.07253
  712        11.82735
  713        12.35917
  714         8.70802
  715        16.65238
  716         8.79787
  717         9.84193
  718         7.34350
  719         9.12981
  720        10.12037
  721         8.51361
  722         6.22799
  723        12.35891
  724         8.90060
  725        12.43901
  726        22.41375
  727         8.05160
  728         9.02762
  729         9.96804
  730        16.60862
  731         5.95738
  732        17.26779
  733         8.44449
  734         7.43501
  735         7.05646
  736         5.36290
  737         8.52087
  738         8.97798
  739         9.73262
  740         6.87117
  741        10.66061
  742        12.85119
  743        12.34760
  744         8.60698
  745         7.63191
  746        10.81801
  747         5.85882
  748         8.48565
  749         8.68210
  750         9.81049
  751         5.27951
  752         7.27964
  753        12.58390
  754         7.20267
  755         6.34576
  756        10.53929
  757        13.14469
  758         7.57214
  759         5.84734
  760        12.73756
  761        10.39016
  762        13.04094
  763         9.18391
  764         9.96955
  765         9.02716
  766         6.82130
  767         8.09370
  768        11.10345
  769        11.78358
  770         7.56991
  771         8.75337
  772        10.44691
  773        10.48317
  774        20.17351
  775        13.63938
  776        14.46769
  777         9.05315
  778         9.53268
  779         6.61429
  780         7.62000
  781        13.55900
  782         8.45857
  783         9.26005
  784        12.24549
  785        18.69799
  786         7.98759
  787         9.19603
  788         7.74547
  789        11.88061
  790        14.46355
  791        11.16302
  792         9.16790
  793        10.43268
  794         8.69087
  795         8.29083
  796         7.76172
  797         8.52247
  798         8.13875
  799         9.10597
  800         8.49535
  801        11.41031
  802        11.35160
  803         8.16593
  804         7.30661
  805         7.54308
  806         9.03788
  807         8.50880
  808        16.30467
  809        12.57942
  810        10.53573
  811        12.09520
  812        10.19493
  813        10.90296
  814        11.38660
  815         7.97477
  816         8.51322
  817         9.31677
  818        17.15975
  819         9.29387
  820         9.96879
  821         6.54659
  822         7.68522
  823         9.74461
  824        10.34169
  825         8.49395
  826         8.46483
  827         7.34485
  828        13.28067
  829         7.82262
  830         9.07112
  831         9.96314
  832         8.59487
  833         9.64139
  834         7.77687
  835         9.36872
  836         8.27567
  837         8.80177
  838         8.55008
  839         7.34449
  840         9.71335
  841        10.80290
  842         8.51993
  843        14.91586
  844        17.66128
  845         7.69368
  846         6.49642
  847         8.00659
  848        10.41195
  849         7.96635
  850         9.50024
  851         6.53899
  852         7.66986
  853         7.83724
  854        12.56021
  855         6.18769
  856        11.83724
  857         6.65302
  858         8.78130
  859         9.74472
  860         8.94530
  861         7.51346
  862        11.24075
  863         6.24120
  864        11.25050
  865         7.95344
  866        11.71055
  867         6.90523
  868         5.55932
  869         5.01446
  870         9.18063
  871        10.03095
  872        11.39888
  873         8.92150
  874        10.49638
  875         7.65386
  876         7.07351
  877        10.45162
  878         8.75404
  879        12.02262
  880         8.70898
  881         6.95308
  882        17.75530
  883        12.38354
  884         9.41081
  885         9.63453
  886         8.58318
  887         9.03626
  888         9.89725
  889         8.72650
  890        11.17940
  891        10.37124
  892         8.05058
  893         6.78585
  894         6.17916
  895        12.38127
  896         8.22972
  897        12.34061
  898        11.53680
  899        10.10617
  900        10.34523
  901         9.59236
  902         9.70547
  903         7.40515
  904        10.01705
  905        13.36975
  906         8.19115
  907         9.47764
  908         9.48473
  909        10.91931
  910        11.47835
  911        16.44036
  912         9.92669
  913         6.50368
  914        10.64581
  915        11.20243
  916        15.37794
  917        11.06261
  918         9.79940
  919        10.60037
  920        14.79886
  921         7.72148
  922        11.25041
  923        11.88230
  924        10.85925
  925         9.97277
  926        15.66615
  927        10.72743
  928        20.18911
  929         8.75329
  930        14.31489
  931        10.66601
  932        12.67202
  933         7.03932
  934         6.88571
  935         5.90128
  936        12.34955
  937        11.09319
  938         9.57554
  939         8.76524
  940        10.45605
  941         6.40468
  942         7.05696
  943         7.02509
  944        13.00598
  945         7.72880
  946         6.52465
  947         8.03127
  948        16.05377
  949         9.85752
  950        11.50526
  951        10.14363
  952         8.62104
  953        11.78787
  954        10.42130
  955        12.70541
  956        14.10904
  957         9.31903
  958         7.79703
  959         9.72831
  960         7.51713
  961         7.66166
  962         9.07898
  963         9.24075
  964        18.49893
  965        10.80907
  966         8.51587
  967         7.97165
  968        14.42381
  969         8.89371
  970         8.70496
  971        11.78756
  972         8.53968
  973         8.63695
  974         6.63961
  975         6.64194
  976        12.05315
  977         9.50150
  978        12.28342
  979        11.57818
  980        10.37086
  981        11.51959
  982        21.86418
  983        10.28713
  984         8.25116
  985         7.86889
  986         6.88577
  987         8.38578
  988         9.57687
  989         5.74352
  990         7.37273
  991        12.90819
  992         6.16238
  993        14.09638
  994         7.81451
  995         7.64191
  996        13.17232
  997        10.04630
  998         5.27390
  999        20.71509
 1000        10.34304