#      772195950   -filetype ZipermE.out 
#
# QTL Cartographer v. 1.17e, 27 August 2003
# This output file (qtlcart.z3e) was created by ZMapQTL...
#
# It is 15:45:00 on Sunday, 09 December 2018
#
#
#The position is from the left telomere on the chromosome
-window      10.00      Window size for models 5 and 6
-background      5      Background parameters in model 6
-Model           3      Model number
-trait           1      Analyzed trait [Avg_LA]
-cross         Ri1      Cross
#
#  Note that our Likelihood ratio test statistic compares two nested hypotheses
#  and is two times the negative natural log of the ratio of the likelihoods.  For example,
#  assume that  hypothesis H0 is nested within H1 and that they have likelihoods L0 and L1 respectively.
#  Then, the "Likelihood Ratio Test Statistic" is -2ln(L0/L1). 
#
#  Repetition    GlobalMax  -start  
    1        14.57958
    2        14.00970
    3        12.01690
    4        10.20747
    5         9.59608
    6        10.77060
    7         9.34727
    8        11.06786
    9        10.58617
   10         6.77350
   11        10.16737
   12        10.92124
   13        10.05915
   14         9.54552
   15        10.06891
   16        13.74056
   17         8.71973
   18         8.83430
   19         9.74183
   20        11.45891
   21        10.02180
   22         8.48972
   23        12.11085
   24        13.79527
   25        13.32007
   26        10.69389
   27        11.78927
   28         8.03559
   29        10.99238
   30         9.16064
   31        14.57994
   32        10.22741
   33         7.13501
   34        10.20504
   35         8.59894
   36        12.51773
   37        10.31889
   38        12.25802
   39         5.91887
   40         6.77479
   41        11.29022
   42         9.38323
   43         7.79863
   44        15.60284
   45        10.46496
   46         9.21501
   47        10.15318
   48         8.01661
   49        11.18179
   50         8.45005
   51         7.81787
   52         9.17463
   53         9.02724
   54         6.42876
   55        13.20041
   56         8.92853
   57        14.05969
   58         7.26151
   59         8.36479
   60         8.89227
   61         5.88428
   62        13.09072
   63        11.52379
   64        11.03429
   65        12.82833
   66         8.45494
   67        10.38321
   68         9.95464
   69         9.68961
   70        12.57244
   71         6.55923
   72         9.93933
   73        15.34657
   74        10.80043
   75         7.84399
   76         8.31061
   77         7.87118
   78         6.22457
   79        11.79844
   80         6.47647
   81        13.80559
   82        10.63113
   83         4.73923
   84         7.75990
   85         7.09053
   86        10.20588
   87        12.43671
   88        13.18529
   89        14.99916
   90         8.48123
   91         8.82493
   92         6.97353
   93         7.49061
   94        10.37954
   95        10.06741
   96         9.43137
   97         7.56749
   98         7.41759
   99         6.78485
  100         7.08621
  101        12.51581
  102         8.67942
  103         8.32306
  104         8.93203
  105         8.67473
  106         7.06290
  107         9.69709
  108         7.17629
  109         8.66318
  110         9.30856
  111         6.49227
  112         8.82104
  113         9.56086
  114        14.49617
  115        12.46609
  116        10.33173
  117         7.65429
  118        13.16939
  119        13.05570
  120         7.80645
  121         9.02381
  122         9.23669
  123         7.11068
  124        11.97761
  125         9.09847
  126        18.87729
  127         5.68085
  128        13.99212
  129         7.36867
  130        12.99515
  131         8.97621
  132        10.64537
  133         9.02968
  134         9.70722
  135         8.60273
  136        10.40592
  137         7.94064
  138         8.97357
  139        11.94125
  140         8.78791
  141        12.41566
  142        10.44215
  143         5.26027
  144         8.22296
  145        10.91432
  146         8.39418
  147         6.05993
  148        11.66839
  149         8.74981
  150         9.35803
  151        14.95004
  152         8.67336
  153         6.41966
  154         8.49746
  155         8.42217
  156        12.10326
  157         8.99602
  158        10.92832
  159         6.42435
  160         9.19247
  161         9.47812
  162        10.68942
  163        13.20481
  164         9.55352
  165         8.62632
  166         8.70740
  167        15.53801
  168         8.08718
  169         8.16499
  170        11.73303
  171         7.66971
  172        12.12117
  173         7.74943
  174         6.64660
  175         8.93654
  176         8.68877
  177        11.86279
  178        10.42673
  179         7.94381
  180        11.16264
  181         9.92591
  182        14.74962
  183         9.72606
  184        16.25163
  185         8.74805
  186         5.77613
  187        16.14095
  188        12.24842
  189         6.84704
  190         8.05351
  191         8.02710
  192        10.48908
  193         8.23152
  194         7.42509
  195         8.64283
  196        15.94256
  197         6.95555
  198         8.92408
  199         9.13106
  200         7.65097
  201        14.78036
  202         6.34258
  203         8.07728
  204        10.69685
  205        11.28863
  206         9.11283
  207        10.12769
  208         8.39259
  209         8.80371
  210        15.05214
  211        11.22848
  212         7.99850
  213         7.68731
  214        19.88014
  215         9.63859
  216         9.75407
  217        13.36846
  218         6.50105
  219         9.60164
  220         5.02902
  221         7.56838
  222         8.07087
  223         7.23473
  224        10.85679
  225        14.77815
  226         6.68253
  227        12.23977
  228         7.82583
  229         9.08619
  230        10.39875
  231         8.19323
  232         7.92019
  233         8.38878
  234         9.04012
  235         7.18556
  236         7.49763
  237         7.37792
  238         9.32276
  239         9.19424
  240         6.06340
  241        10.56805
  242         7.62613
  243        16.78073
  244        12.28265
  245         9.42577
  246         8.47252
  247        16.85389
  248        11.07744
  249         7.69882
  250         8.87373
  251        11.12818
  252         7.21866
  253         6.29905
  254         8.21399
  255         7.89989
  256        17.49729
  257         8.47123
  258         8.40809
  259         8.04956
  260         8.14504
  261         6.63922
  262         6.10690
  263         7.66515
  264        14.05608
  265         8.28474
  266        10.48530
  267        10.72420
  268         9.11291
  269        12.73747
  270         7.63275
  271         9.06489
  272         8.54145
  273        11.17564
  274         8.28192
  275        11.57335
  276         8.36975
  277        12.11060
  278         9.54684
  279        11.28514
  280         8.90082
  281        13.69150
  282        11.27383
  283         8.77603
  284         7.64616
  285        11.86254
  286        12.04311
  287         7.50976
  288         9.12547
  289         7.34803
  290        13.04692
  291        11.64919
  292         9.61878
  293         8.88582
  294        15.06331
  295         7.75153
  296        11.40772
  297         6.82004
  298         9.56907
  299         9.99604
  300        13.02965
  301        11.84998
  302         8.85024
  303        10.94386
  304         9.35028
  305        11.75439
  306        14.10737
  307         9.83355
  308         9.60205
  309        10.03170
  310        11.13305
  311        15.56303
  312         4.06202
  313         6.69761
  314        11.85770
  315        10.85560
  316         4.69042
  317        10.74521
  318        11.22819
  319         7.24697
  320         9.91447
  321        15.29779
  322         6.61499
  323         7.24506
  324         5.60694
  325         6.85227
  326         9.41079
  327        14.76353
  328         9.69858
  329         9.91287
  330         9.28351
  331        14.94112
  332         7.16030
  333         7.05937
  334        12.12349
  335         5.44430
  336        12.08506
  337        15.15713
  338         9.92038
  339        12.57842
  340         6.89604
  341         7.85087
  342        13.90757
  343        15.98215
  344        12.27675
  345        10.06264
  346        11.38278
  347        11.37736
  348         7.81855
  349         7.98961
  350        11.00594
  351         6.20771
  352         5.89177
  353         9.77532
  354        11.63201
  355         9.90127
  356        11.07099
  357         5.61573
  358         7.91721
  359         9.66095
  360         9.53293
  361         8.22111
  362        11.25652
  363        10.74751
  364        13.57527
  365        17.50900
  366         8.73961
  367         6.97909
  368         9.20226
  369         9.16220
  370         7.84825
  371        11.34825
  372        10.27857
  373         6.83403
  374         9.13763
  375         8.20694
  376         6.98781
  377         8.22576
  378        11.77759
  379         7.12060
  380        10.86424
  381         8.19207
  382        12.39195
  383         9.94826
  384        11.17548
  385         7.99337
  386         8.12185
  387         8.32712
  388         9.15251
  389         6.84088
  390         8.91883
  391        11.07996
  392         8.53963
  393        10.66277
  394         7.63229
  395        10.34365
  396        12.34571
  397         6.17208
  398         7.88684
  399        14.23189
  400         8.96937
  401        11.13190
  402        13.28479
  403        16.72543
  404        10.93938
  405        10.04574
  406        11.37558
  407        10.03405
  408         8.43853
  409        17.75217
  410        10.62018
  411         7.81077
  412        11.88221
  413        11.08126
  414         5.58648
  415        12.69648
  416        12.93772
  417         8.67736
  418         8.29157
  419        10.43862
  420        10.95885
  421        11.99999
  422        10.99767
  423         7.24224
  424         6.69576
  425        11.36898
  426         8.43688
  427        10.81924
  428        17.00039
  429         8.15517
  430        10.47404
  431         8.48338
  432         9.94921
  433         8.12232
  434         9.94142
  435        10.63434
  436        19.63442
  437        10.26913
  438         9.52491
  439         9.69400
  440        10.07630
  441         7.24461
  442         8.09928
  443         4.98388
  444        11.72261
  445         8.66492
  446         9.70287
  447        11.46436
  448         7.56470
  449         8.28020
  450         7.60205
  451         7.54538
  452         8.77570
  453        10.00891
  454         9.64315
  455        10.39240
  456        14.08054
  457         6.90863
  458        14.05198
  459        10.78237
  460        10.43785
  461         7.38447
  462        17.73407
  463         8.58441
  464         8.33064
  465         8.92093
  466         6.94822
  467         6.40230
  468         5.58178
  469         8.70246
  470         9.54385
  471        12.46124
  472        11.10010
  473        10.74657
  474         6.28224
  475         8.15206
  476         7.73650
  477        11.55316
  478         7.50270
  479         9.95279
  480        17.87424
  481         9.64239
  482        10.90306
  483         9.07980
  484        10.67236
  485         5.61242
  486        10.41464
  487        11.28763
  488         8.48905
  489        10.29540
  490         5.68826
  491        10.30132
  492         7.05474
  493        12.14693
  494         6.75046
  495         7.37083
  496        15.71314
  497        12.27985
  498        12.51387
  499        15.53943
  500         5.89610
  501        14.93988
  502        15.92780
  503         6.96252
  504        10.67949
  505        10.45053
  506         8.75011
  507         6.13465
  508        12.09274
  509         7.54584
  510         5.48114
  511        11.34407
  512         6.86565
  513        10.78887
  514        11.19536
  515         9.28992
  516         9.35744
  517         6.61778
  518        12.61468
  519         9.27104
  520         8.51664
  521         7.89652
  522         7.95091
  523        13.31210
  524        11.03456
  525        12.02303
  526         8.02733
  527         8.85988
  528        13.05261
  529         8.78625
  530        11.07013
  531        13.04605
  532        15.56105
  533        15.55999
  534         6.81470
  535        10.84629
  536         5.14687
  537         8.44525
  538         8.99791
  539         9.87949
  540         9.04866
  541        12.24087
  542         9.46767
  543         8.96797
  544         8.90407
  545        12.76126
  546         8.17500
  547         8.86263
  548         8.35261
  549         9.42633
  550         9.00851
  551         8.66379
  552         8.39218
  553         8.01198
  554        17.31582
  555        11.65372
  556         7.91891
  557         6.10201
  558        14.15731
  559        10.60855
  560         6.71635
  561         9.33724
  562        13.82551
  563         9.23950
  564         6.53277
  565         7.71176
  566         8.95253
  567         5.87646
  568         8.48374
  569         8.93023
  570         9.16823
  571         7.26397
  572         7.86555
  573         8.59631
  574         6.92321
  575         8.62105
  576         9.28660
  577         8.54411
  578        11.74067
  579         5.13379
  580        13.59796
  581        10.58250
  582         9.90154
  583        11.33018
  584        12.77014
  585         8.39055
  586         8.19565
  587         9.82821
  588         8.63257
  589         8.43648
  590         7.37877
  591        13.00222
  592         7.58506
  593         5.98695
  594         8.93273
  595         7.97720
  596        12.63437
  597         7.80022
  598         8.88355
  599         6.18582
  600         5.52671
  601        15.18715
  602         7.49335
  603        10.60862
  604         7.01763
  605         9.02016
  606         6.42976
  607         8.00634
  608         6.39845
  609         6.22790
  610         9.21919
  611        10.13791
  612         9.74776
  613         8.58241
  614         7.08384
  615         6.11350
  616         7.50419
  617        11.62852
  618        11.66135
  619        11.45312
  620         8.95305
  621         7.75666
  622         8.14544
  623         6.11706
  624         6.59686
  625         9.23672
  626         7.85646
  627         7.53584
  628         9.31322
  629        10.03914
  630         7.55253
  631        13.14625
  632         9.64007
  633         9.06572
  634        16.71422
  635         9.49284
  636        10.23913
  637         6.61240
  638         7.56622
  639         9.98559
  640         7.06566
  641        11.75918
  642         7.46211
  643        11.79462
  644        11.50927
  645         9.52402
  646         7.63117
  647         8.06884
  648         9.10246
  649         9.19567
  650         8.98508
  651        12.06076
  652        11.90079
  653         8.09243
  654         8.37531
  655        12.48854
  656        10.32827
  657        11.21619
  658        13.66664
  659         8.84225
  660        11.97288
  661         8.79624
  662        10.88891
  663         9.04999
  664         8.29548
  665         7.79639
  666         7.27067
  667        14.82215
  668        14.08170
  669         9.62804
  670         9.53414
  671        11.04522
  672        10.98924
  673         9.61117
  674        11.79064
  675         9.41941
  676        11.18583
  677        12.24584
  678         6.91087
  679         6.16655
  680         7.73457
  681        10.32302
  682        11.84049
  683        10.03651
  684         6.88874
  685         9.11332
  686        10.12640
  687         7.23702
  688        11.91335
  689         5.33741
  690        16.62445
  691        13.76874
  692        11.16012
  693         6.69663
  694        13.59904
  695         6.31888
  696         9.02031
  697         7.89700
  698         9.76816
  699        12.07397
  700        10.31692
  701        10.17259
  702         9.83739
  703         8.81657
  704        12.07300
  705        14.99297
  706        10.33198
  707        10.73027
  708         9.89337
  709         9.68662
  710         9.02560
  711        11.18804
  712        19.52605
  713        13.35595
  714        10.15793
  715        12.11764
  716         9.15602
  717         7.90315
  718         7.50164
  719        15.44777
  720        10.89190
  721         8.14366
  722         9.61218
  723         9.44710
  724         9.28823
  725        12.80888
  726         7.88942
  727        10.18060
  728         5.75994
  729         7.47119
  730         8.79222
  731        10.38887
  732         6.09820
  733        13.55467
  734        10.86035
  735         8.70510
  736         8.84559
  737         7.90629
  738        19.29960
  739         9.12394
  740         9.60327
  741         8.97448
  742         6.00013
  743         8.95545
  744         8.56575
  745        12.28120
  746         9.69135
  747         9.51227
  748        13.24490
  749        14.73676
  750         9.15572
  751        12.95676
  752         9.71625
  753         8.27449
  754         8.51701
  755         8.76576
  756        10.35590
  757        16.48067
  758        13.10873
  759         9.10750
  760         8.26012
  761        12.54005
  762         8.80734
  763        12.57259
  764         8.20624
  765        10.79536
  766         7.63343
  767         7.51390
  768         8.22924
  769         8.35256
  770         9.88142
  771        12.39075
  772        13.18485
  773         5.09451
  774         7.58003
  775        11.51370
  776         7.88965
  777         8.56088
  778         7.93393
  779        11.14734
  780         7.32360
  781        15.78798
  782        10.04156
  783        12.13411
  784        12.26311
  785         7.27816
  786         9.50200
  787         6.06488
  788         4.79774
  789         7.66281
  790         7.71861
  791        15.63803
  792         7.60671
  793        12.31913
  794        11.71263
  795        10.98326
  796        13.05496
  797        11.30878
  798        10.88440
  799         8.16297
  800         7.80014
  801         8.87720
  802         9.94262
  803        11.14337
  804        10.33112
  805        10.51421
  806         9.65105
  807         8.78177
  808        12.45486
  809         5.00630
  810        10.57798
  811        12.70131
  812         6.61156
  813        10.12234
  814        12.90921
  815         8.16835
  816        10.27316
  817        11.36884
  818         6.75608
  819         8.89589
  820         9.90350
  821         7.67398
  822         6.60163
  823         8.19185
  824         9.04583
  825        15.53695
  826        14.54952
  827        10.55046
  828         9.80461
  829         8.47702
  830         6.95960
  831        12.38340
  832         5.68834
  833        11.98363
  834         5.41955
  835        15.57289
  836        12.24184
  837        12.12212
  838         9.99811
  839        10.22864
  840        17.34477
  841        10.00437
  842        11.00784
  843         8.36280
  844         5.99846
  845        11.18166
  846         8.22603
  847        13.41826
  848         8.63566
  849        17.81077
  850         9.32210
  851         8.40317
  852         9.26425
  853         5.87154
  854        10.46363
  855         5.46052
  856         7.50481
  857         9.20140
  858        11.59672
  859         9.68339
  860        14.88537
  861        13.46143
  862         8.59360
  863         9.69404
  864         9.63997
  865         8.71300
  866         7.92776
  867         8.74911
  868         6.34833
  869         7.08507
  870        10.73032
  871         8.42821
  872         8.78592
  873        10.04748
  874         9.87782
  875         8.14780
  876        10.04284
  877         8.40547
  878         8.26616
  879         9.54874
  880         7.93829
  881        10.21531
  882         7.85584
  883        12.94777
  884        11.83829
  885         8.16627
  886         8.80766
  887        11.47565
  888        11.62679
  889        15.13013
  890        11.54553
  891         9.93047
  892         8.62428
  893        14.14446
  894        11.78873
  895         7.38933
  896        13.77484
  897         6.14998
  898         5.09638
  899         6.59220
  900         5.62287
  901        12.98620
  902         7.98743
  903        11.01809
  904        12.90489
  905        11.08922
  906         8.00097
  907         7.37258
  908         8.88936
  909        10.30589
  910         6.49657
  911         7.99321
  912        12.89181
  913         8.89911
  914         9.47328
  915        10.48325
  916         7.67015
  917         8.34372
  918         9.95197
  919         9.92634
  920         8.98925
  921         7.38133
  922        17.49003
  923        10.14917
  924        11.63268
  925         6.43040
  926         8.64154
  927         8.27776
  928        10.92609
  929        11.60904
  930        10.31112
  931        11.65812
  932         9.16030
  933         8.14156
  934        14.64645
  935        13.72331
  936         9.57821
  937        16.25547
  938         8.30339
  939        12.07746
  940         7.87262
  941         6.81322
  942        11.22643
  943        10.24979
  944        11.33857
  945        12.96053
  946         6.29834
  947        10.21860
  948         8.99833
  949         7.44213
  950         8.40251
  951        10.95030
  952        10.31327
  953         6.90585
  954         7.62268
  955         7.90384
  956         7.98309
  957         9.24923
  958        11.19266
  959         7.42315
  960        11.99901
  961        12.02354
  962        10.26005
  963        10.33530
  964         7.18592
  965        12.44178
  966         9.44236
  967        10.35938
  968         6.05761
  969         7.87344
  970         9.57364
  971        12.29169
  972         6.89167
  973         7.01397
  974        14.22658
  975         9.03664
  976         7.71808
  977         7.09415
  978        13.64119
  979        11.75602
  980         5.81960
  981        12.30417
  982        10.26633
  983         7.32367
  984         8.75019
  985         7.29836
  986         8.54122
  987         8.66414
  988         4.74474
  989        11.49137
  990         6.70618
  991         9.33501
  992        12.31866
  993        14.44561
  994         7.21417
  995         8.37902
  996        12.71490
  997        13.10336
  998        11.75150
  999        10.25902
 1000        16.36967