Trait	Chromosome	Marker	Position	LOD	R2(H0:H1)	TR2(H0:H1)	Additive	S1	Pop	Color	Sig_LOD	Sig
1	1	126	135.45	3.851491	0.055746	0.509403	1.660732	2.678727	Mo17	1	3.246359938116445	TRUE
1	1	126	136.45	3.679869	0.057869	0.511526	1.691556	3.027877	Mo17	1	3.246359938116445	TRUE
1	1	131	142.74	3.362388	0.049599	0.503256	1.539377	5.284275	Mo17	1	3.246359938116445	TRUE
1	1	132	143.3	3.450268	0.050166	0.503823	1.55138	5.563514	Mo17	1	3.246359938116445	TRUE
1	1	132	144.3	3.710668	0.054455	0.508112	1.622664	6.437592	Mo17	1	3.246359938116445	TRUE
1	1	132	145.3	3.948156	0.057555	0.511212	1.676387	7.045412	Mo17	1	3.246359938116445	TRUE
1	1	134	146.06	4.112113	0.059242	0.512899	1.70793	7.244052	Mo17	1	3.246359938116445	TRUE
1	1	134	147.06	4.003637	0.058213	0.51187	1.702491	7.800494	Mo17	1	3.246359938116445	TRUE
1	1	135	147.23	3.984549	0.057989	0.511646	1.700847	7.780983	Mo17	1	3.246359938116445	TRUE
1	1	136	147.5	3.965638	0.057864	0.511521	1.699484	7.842302	Mo17	1	3.246359938116445	TRUE
1	1	136	148.5	3.525763	0.055826	0.509483	1.668386	8.080723	Mo17	1	3.246359938116445	TRUE
1	1	159	174.9	3.769826	0.059594	0.510378	1.727485	8.832127	Mo17	1	3.246359938116445	TRUE
1	1	159	175.9	4.170853	0.06291	0.513694	1.772571	8.005798	Mo17	1	3.246359938116445	TRUE
1	1	160	176.61	4.343718	0.063069	0.513853	1.773688	7.280826	Mo17	1	3.246359938116445	TRUE
1	1	160	177.61	3.536677	0.054618	0.505402	1.644523	7.090851	Mo17	1	3.246359938116445	TRUE
1	1	161	177.86	3.260515	0.050244	0.501028	1.574253	6.958207	Mo17	1	3.246359938116445	TRUE
1	2	98	119.41	3.74496	0.055765	0.498259	1.636044	6.541174	Mo17	0	3.246359938116445	TRUE
1	2	99	119.73	3.89731	0.05747	0.499964	1.662006	6.591838	Mo17	0	3.246359938116445	TRUE
1	2	99	120.73	3.817593	0.056637	0.499132	1.653194	5.744379	Mo17	0	3.246359938116445	TRUE
1	2	100	120.88	3.802801	0.056332	0.498826	1.649569	5.549451	Mo17	0	3.246359938116445	TRUE
1	2	101	121.6	3.980809	0.058772	0.501267	1.675141	6.111491	Mo17	0	3.246359938116445	TRUE
1	2	101	122.6	4.780123	0.070469	0.512963	1.839206	7.268587	Mo17	0	3.246359938116445	TRUE
1	2	102	122.85	4.883727	0.071043	0.513537	1.848402	7.218537	Mo17	0	3.246359938116445	TRUE
1	2	103	123.77	4.704474	0.068639	0.511133	1.833104	6.104626	Mo17	0	3.246359938116445	TRUE
1	2	103	124.77	4.396447	0.067869	0.510364	1.833791	6.053223	Mo17	0	3.246359938116445	TRUE
1	2	104	125.26	3.989855	0.060292	0.502786	1.73346	5.47456	Mo17	0	3.246359938116445	TRUE
1	2	104	126.26	3.383441	0.051084	0.493579	1.602885	4.757903	Mo17	0	3.246359938116445	TRUE
1	2	105	126.41	3.27045	0.048634	0.491128	1.565597	4.597935	Mo17	0	3.246359938116445	TRUE
1	2	106	126.56	3.273894	0.048731	0.491226	1.567792	4.591083	Mo17	0	3.246359938116445	TRUE
1	2	106	127.56	3.544661	0.053094	0.495588	1.651289	4.635123	Mo17	0	3.246359938116445	TRUE
1	2	107	127.97	3.598687	0.053305	0.4958	1.660496	4.376795	Mo17	0	3.246359938116445	TRUE
1	2	107	128.97	3.784248	0.056224	0.498718	1.716611	4.48605	Mo17	0	3.246359938116445	TRUE
1	2	108	129.04	3.773749	0.056027	0.498521	1.714336	4.447217	Mo17	0	3.246359938116445	TRUE
1	2	109	129.36	3.252624	0.048445	0.490939	1.59181	3.868738	Mo17	0	3.246359938116445	TRUE
1	3	12	13.08	3.817663	0.049179	0.562733	-1.531153	8.595018	Mo17	1	3.246359938116445	TRUE
1	3	12	14.08	3.459692	0.045941	0.559496	-1.478041	8.035671	Mo17	1	3.246359938116445	TRUE
1	3	79	87.6	3.291818	0.048907	0.495619	-1.523532	7.419638	Mo17	1	3.246359938116445	TRUE
1	3	80	88.36	3.468593	0.051093	0.497805	-1.558261	7.440982	Mo17	1	3.246359938116445	TRUE
1	3	81	90.26	3.609549	0.054119	0.500831	-1.607063	7.502611	Mo17	1	3.246359938116445	TRUE
1	3	82	90.67	3.722665	0.054914	0.501626	-1.619919	7.59203	Mo17	1	3.246359938116445	TRUE
1	3	82	91.67	4.246869	0.064144	0.510856	-1.743566	7.60257	Mo17	1	3.246359938116445	TRUE
1	3	83	92.41	4.367517	0.063563	0.510274	-1.732813	7.058358	Mo17	1	3.246359938116445	TRUE
1	3	83	93.41	4.467995	0.06559	0.512301	-1.757021	6.872969	Mo17	1	3.246359938116445	TRUE
1	3	84	93.65	4.427352	0.064362	0.511073	-1.740088	6.653927	Mo17	1	3.246359938116445	TRUE
1	3	84	94.65	4.355024	0.065503	0.512214	-1.757269	6.286922	Mo17	1	3.246359938116445	TRUE
1	3	85	94.89	4.182912	0.060984	0.507695	-1.696518	5.665828	Mo17	1	3.246359938116445	TRUE
1	3	86	95.82	4.604314	0.066776	0.513487	-1.786191	7.2191	Mo17	1	3.246359938116445	TRUE
1	3	87	96.75	3.336595	0.049249	0.49596	-1.540703	6.556375	Mo17	1	3.246359938116445	TRUE
1	3	87	97.75	3.559312	0.052367	0.499079	-1.58581	7.067122	Mo17	1	3.246359938116445	TRUE
1	3	88	97.78	3.578052	0.052715	0.499426	-1.59081	7.038653	Mo17	1	3.246359938116445	TRUE
1	3	89	98.43	4.345958	0.063223	0.509935	-1.738478	6.843699	Mo17	1	3.246359938116445	TRUE
1	3	90	99.22	4.79058	0.069266	0.515978	-1.812428	8.672904	Mo17	1	3.246359938116445	TRUE
1	3	90	100.22	4.814157	0.07073	0.517442	-1.829488	8.217982	Mo17	1	3.246359938116445	TRUE
1	3	92	100.57	4.781586	0.069961	0.516673	-1.8194	7.736765	Mo17	1	3.246359938116445	TRUE
1	3	92	101.57	4.838187	0.074711	0.521423	-1.883688	8.691564	Mo17	1	3.246359938116445	TRUE
1	3	93	102.36	4.216229	0.06157	0.508282	-1.717146	14.180327	Mo17	1	3.246359938116445	TRUE
1	3	93	103.36	4.270367	0.067383	0.514095	-1.79742	15.14892	Mo17	1	3.246359938116445	TRUE
1	3	93	104.36	3.65674	0.057894	0.504606	-1.663792	16.667938	Mo17	1	3.246359938116445	TRUE
1	3	94	104.56	3.379664	0.049819	0.496531	-1.541635	20.76126	Mo17	1	3.246359938116445	TRUE
1	4	46	53.7	3.340573	0.044174	0.557728	1.511527	1.41998	Mo17	0	3.246359938116445	TRUE
1	4	47	54.02	3.503834	0.045375	0.558929	1.534728	1.365782	Mo17	0	3.246359938116445	TRUE
1	4	47	55.02	3.594048	0.047126	0.56068	1.565531	1.431327	Mo17	0	3.246359938116445	TRUE
1	4	47	56.02	3.657611	0.047893	0.561447	1.582982	1.372205	Mo17	0	3.246359938116445	TRUE
1	4	47	57.02	3.700593	0.047941	0.561495	1.591083	1.198297	Mo17	0	3.246359938116445	TRUE
1	4	48	57.32	3.746722	0.048538	0.562092	1.604953	1.129394	Mo17	0	3.246359938116445	TRUE
1	4	50	57.66	4.583648	0.059161	0.572716	1.804593	0.905541	Mo17	0	3.246359938116445	TRUE
1	4	51	58.34	3.867936	0.049776	0.56333	1.640232	0.984795	Mo17	0	3.246359938116445	TRUE
1	4	52	58.9	3.8873	0.050281	0.563835	1.649301	0.973177	Mo17	0	3.246359938116445	TRUE
1	4	53	59.51	3.827745	0.049906	0.56346	1.658093	3.695552	Mo17	0	3.246359938116445	TRUE
1	4	55	60.37	4.517256	0.058119	0.571674	1.779029	1.101302	Mo17	0	3.246359938116445	TRUE
1	4	55	61.37	4.675563	0.061777	0.575332	1.833025	1.323579	Mo17	0	3.246359938116445	TRUE
1	4	55	62.37	4.702734	0.062076	0.575631	1.835465	1.472609	Mo17	0	3.246359938116445	TRUE
1	4	55	63.37	4.607775	0.059411	0.572965	1.791994	1.595941	Mo17	0	3.246359938116445	TRUE
1	4	56	63.62	4.555748	0.058094	0.571648	1.771606	1.648616	Mo17	0	3.246359938116445	TRUE
1	4	57	63.74	4.448036	0.056806	0.57036	1.76567	1.492692	Mo17	0	3.246359938116445	TRUE
1	4	58	64.35	4.309457	0.055155	0.568709	1.741978	1.552677	Mo17	0	3.246359938116445	TRUE
1	4	58	65.35	3.8863	0.051355	0.564909	1.668622	1.763505	Mo17	0	3.246359938116445	TRUE
1	4	59	65.53	3.715124	0.048019	0.561573	1.609932	1.823891	Mo17	0	3.246359938116445	TRUE
1	4	60	66.9	3.283633	0.044607	0.558161	1.569112	6.552173	Mo17	0	3.246359938116445	TRUE
1	4	60	67.9	3.466736	0.046188	0.559742	1.601568	6.450598	Mo17	0	3.246359938116445	TRUE
1	4	61	68.58	3.529955	0.045741	0.559296	1.595607	6.088966	Mo17	0	3.246359938116445	TRUE
1	4	61	69.58	4.766284	0.061509	0.575063	1.836191	7.251121	Mo17	0	3.246359938116445	TRUE
1	4	62	69.82	4.960754	0.062958	0.576512	1.856267	7.423811	Mo17	0	3.246359938116445	TRUE
1	4	62	70.82	4.6692	0.06308	0.576634	1.843431	8.150982	Mo17	0	3.246359938116445	TRUE
1	4	63	71.53	4.002984	0.051437	0.564991	1.64815	7.28067	Mo17	0	3.246359938116445	TRUE
1	4	63	72.53	3.887592	0.05161	0.565164	1.641315	8.043292	Mo17	0	3.246359938116445	TRUE
1	4	63	73.53	3.635133	0.04889	0.562444	1.585158	8.384	Mo17	0	3.246359938116445	TRUE
1	4	64	74.04	3.488387	0.045285	0.558839	1.511731	9.223646	Mo17	0	3.246359938116445	TRUE
1	4	65	74.08	3.75906	0.048656	0.56221	1.56015	10.458253	Mo17	0	3.246359938116445	TRUE
1	4	66	74.18	3.9126	0.050397	0.563951	1.582957	11.074042	Mo17	0	3.246359938116445	TRUE
1	4	66	75.18	4.251247	0.055784	0.569338	1.658259	12.959591	Mo17	0	3.246359938116445	TRUE
1	4	66	76.18	4.49134	0.058207	0.571761	1.688067	13.639702	Mo17	0	3.246359938116445	TRUE
1	4	67	76.91	4.596952	0.058625	0.572179	1.689886	13.452509	Mo17	0	3.246359938116445	TRUE
1	4	68	76.98	4.428921	0.056598	0.570152	1.653501	12.836334	Mo17	0	3.246359938116445	TRUE
1	4	68	77.98	4.771082	0.061535	0.575089	1.720741	14.957007	Mo17	0	3.246359938116445	TRUE
1	4	69	78.59	4.879221	0.062171	0.575725	1.728285	14.778	Mo17	0	3.246359938116445	TRUE
1	4	69	79.59	4.680303	0.063595	0.57715	1.752179	13.989895	Mo17	0	3.246359938116445	TRUE
1	4	70	79.96	4.228936	0.054893	0.568448	1.627	12.436252	Mo17	0	3.246359938116445	TRUE
1	4	70	80.96	3.981186	0.053244	0.566798	1.595645	12.641643	Mo17	0	3.246359938116445	TRUE
1	4	71	81.71	3.614474	0.046735	0.56029	1.496024	11.854911	Mo17	0	3.246359938116445	TRUE
1	4	72	82.64	3.906327	0.050529	0.564083	1.556363	11.840307	Mo17	0	3.246359938116445	TRUE
1	4	72	83.64	4.412733	0.057477	0.571032	1.657885	11.145731	Mo17	0	3.246359938116445	TRUE
1	4	73	83.88	4.393528	0.056201	0.569755	1.638598	10.689546	Mo17	0	3.246359938116445	TRUE
1	4	73	84.88	4.669739	0.060546	0.5741	1.700095	12.549894	Mo17	0	3.246359938116445	TRUE
1	4	74	85.45	4.685493	0.059677	0.573231	1.687599	12.530382	Mo17	0	3.246359938116445	TRUE
1	4	74	86.45	4.816992	0.063817	0.577372	1.74048	14.045439	Mo17	0	3.246359938116445	TRUE
1	4	74	87.45	4.740799	0.062949	0.576503	1.724688	14.300693	Mo17	0	3.246359938116445	TRUE
1	4	75	88.32	4.480663	0.057271	0.570825	1.644427	13.73464	Mo17	0	3.246359938116445	TRUE
1	4	76	88.64	3.787291	0.048832	0.562386	1.522215	12.057016	Mo17	0	3.246359938116445	TRUE
1	4	78	90.2	3.419068	0.044304	0.557858	1.451565	12.634053	Mo17	0	3.246359938116445	TRUE
1	4	78	91.2	3.80544	0.04916	0.562714	1.517006	14.245058	Mo17	0	3.246359938116445	TRUE
1	4	79	91.27	3.821849	0.049307	0.562861	1.518824	14.296177	Mo17	0	3.246359938116445	TRUE
1	4	79	92.27	3.715472	0.048898	0.562452	1.511389	14.313556	Mo17	0	3.246359938116445	TRUE
1	4	80	92.97	3.499834	0.045413	0.558967	1.455548	13.009064	Mo17	0	3.246359938116445	TRUE
1	4	82	94.04	3.349116	0.044733	0.558287	1.447917	12.370539	Mo17	0	3.246359938116445	TRUE
1	4	83	96.29	3.985162	0.052777	0.566332	1.566411	13.945023	Mo17	0	3.246359938116445	TRUE
1	4	85	96.63	4.234842	0.054299	0.567853	1.589142	13.98204	Mo17	0	3.246359938116445	TRUE
1	4	86	96.94	3.865132	0.049807	0.563362	1.521614	14.333634	Mo17	0	3.246359938116445	TRUE
1	4	87	97.53	3.567793	0.046142	0.559696	1.466615	13.743022	Mo17	0	3.246359938116445	TRUE
1	4	87	98.53	3.495246	0.045902	0.559457	1.46019	13.508825	Mo17	0	3.246359938116445	TRUE
1	4	88	98.86	3.401762	0.044063	0.557617	1.430484	12.861411	Mo17	0	3.246359938116445	TRUE
1	4	88	99.86	3.284672	0.042653	0.556207	1.410749	12.289482	Mo17	0	3.246359938116445	TRUE
1	4	89	99.94	3.270757	0.042449	0.556003	1.407896	12.184133	Mo17	0	3.246359938116445	TRUE
1	4	93	104.55	3.363958	0.043713	0.557267	1.426478	10.116357	Mo17	0	3.246359938116445	TRUE
1	4	94	104.68	3.36963	0.043914	0.557468	1.429778	10.149906	Mo17	0	3.246359938116445	TRUE
1	5	39	44.65	5.085535	0.087387	0.436184	2.018767	2.7889370000000002	Mo17	1	3.246359938116445	TRUE
1	5	39	45.65	5.181871	0.08866	0.437456	2.033658	2.715256	Mo17	1	3.246359938116445	TRUE
1	5	40	46.18	5.232175	0.089126	0.437922	2.039264	2.668383	Mo17	1	3.246359938116445	TRUE
1	5	41	47.07	5.91451	0.099179	0.447976	2.148626	2.576846	Mo17	1	3.246359938116445	TRUE
1	5	41	48.07	6.946961	0.115686	0.464483	2.321551	3.45043	Mo17	1	3.246359938116445	TRUE
1	5	42	48.32	7.13375	0.117627	0.466423	2.341607	3.496914	Mo17	1	3.246359938116445	TRUE
1	5	42	49.32	7.323467	0.120883	0.469679	2.3685330000000002	3.705265	Mo17	1	3.246359938116445	TRUE
1	5	43	49.57	7.351042	0.121156	0.469953	2.370873	3.586003	Mo17	1	3.246359938116445	TRUE
1	5	44	50.51	7.734192	0.126915	0.475711	2.429203	3.7859950000000002	Mo17	1	3.246359938116445	TRUE
1	5	45	51.44	8.193336	0.133314	0.48211	2.499551	4.29781	Mo17	1	3.246359938116445	TRUE
1	5	47	52.36	9.985387	0.158476	0.507272	2.714189	5.71208	Mo17	1	3.246359938116445	TRUE
1	5	47	53.36	10.485803	0.169412	0.518208	2.806175	6.458357	Mo17	1	3.246359938116445	TRUE
1	5	47	54.36	10.570504	0.169452	0.518249	2.807647	6.701988	Mo17	1	3.246359938116445	TRUE
1	5	48	54.69	10.451577	0.164756	0.513552	2.769271	7.221709	Mo17	1	3.246359938116445	TRUE
1	5	49	54.94	10.451882	0.164789	0.513585	2.769528	7.22197	Mo17	1	3.246359938116445	TRUE
1	5	51	55.82	10.39506	0.164028	0.512825	2.765559	7.380554	Mo17	1	3.246359938116445	TRUE
1	5	51	56.82	10.014909	0.16074	0.509536	2.743006	7.03412	Mo17	1	3.246359938116445	TRUE
1	5	54	57.13	9.758796	0.155258	0.504055	2.700218	6.467174	Mo17	1	3.246359938116445	TRUE
1	5	55	57.53	9.753369	0.155226	0.504022	2.699901	6.477187	Mo17	1	3.246359938116445	TRUE
1	5	55	58.53	9.0157	0.146677	0.495473	2.621842	6.897159	Mo17	1	3.246359938116445	TRUE
1	5	56	58.82	8.683681	0.140206	0.489003	2.56345	6.213192	Mo17	1	3.246359938116445	TRUE
1	5	56	59.82	7.680858	0.128535	0.477331	2.455962	6.099534	Mo17	1	3.246359938116445	TRUE
1	5	57	59.93	7.50137	0.124768	0.473565	2.420425	5.689747	Mo17	1	3.246359938116445	TRUE
1	5	57	60.93	6.061688	0.102231	0.451028	2.194705	4.83643	Mo17	1	3.246359938116445	TRUE
1	5	59	60.99	5.9633	0.099881	0.448678	2.169931	4.722892	Mo17	1	3.246359938116445	TRUE
1	5	59	61.99	6.23063	0.105438	0.454234	2.218361	5.591924	Mo17	1	3.246359938116445	TRUE
1	5	60	62.59	6.279795	0.104947	0.453743	2.210791	5.489213	Mo17	1	3.246359938116445	TRUE
1	5	60	63.59	7.333428	0.122789	0.471586	2.395509	6.896611	Mo17	1	3.246359938116445	TRUE
1	5	61	63.62	7.347839	0.122922	0.471718	2.396808	6.911435	Mo17	1	3.246359938116445	TRUE
1	5	61	64.62	7.433921	0.12456	0.473356	2.410187	6.424989	Mo17	1	3.246359938116445	TRUE
3	1	149	166.54	3.962982	0.061225	0.478801	1.318984	3.577159	Mo17	1	3.4050446273866646	TRUE
3	1	150	166.62	4.170067	0.064032	0.481608	1.350619	3.698111	Mo17	1	3.4050446273866646	TRUE
3	1	150	167.62	4.667761	0.072658	0.490234	1.435959	3.648127	Mo17	1	3.4050446273866646	TRUE
3	1	151	168.53	5.055573	0.078237	0.495813	1.490388	3.815643	Mo17	1	3.4050446273866646	TRUE
3	1	153	168.6	4.981748	0.075995	0.493571	1.471299	3.661188	Mo17	1	3.4050446273866646	TRUE
3	1	153	169.6	5.205643	0.080968	0.498544	1.516696	3.983567	Mo17	1	3.4050446273866646	TRUE
3	1	154	170.12	5.099668	0.07733	0.494905	1.479991	4.361575	Mo17	1	3.4050446273866646	TRUE
3	1	154	171.12	5.258749	0.080314	0.497889	1.508461	4.865878	Mo17	1	3.4050446273866646	TRUE
3	1	155	171.36	5.234228	0.079184	0.49676	1.498116	4.670234	Mo17	1	3.4050446273866646	TRUE
3	1	156	172.29	5.747398	0.08643	0.504006	1.569138	5.252496	Mo17	1	3.4050446273866646	TRUE
3	1	157	173.21	5.415411	0.081824	0.4994	1.527843	4.650003	Mo17	1	3.4050446273866646	TRUE
3	1	159	173.9	5.356151	0.082424	0.5	1.531134	5.089791	Mo17	1	3.4050446273866646	TRUE
3	1	159	174.9	6.349852	0.100576	0.518152	1.688136	4.021999	Mo17	1	3.4050446273866646	TRUE
3	1	159	175.9	6.927594	0.105698	0.523273	1.728144	3.697087	Mo17	1	3.4050446273866646	TRUE
3	1	160	176.61	7.196604	0.106609	0.524185	1.734311	3.304128	Mo17	1	3.4050446273866646	TRUE
3	1	160	177.61	5.692586	0.094044	0.511619	1.629871	3.43001	Mo17	1	3.4050446273866646	TRUE
3	1	161	177.86	4.917697	0.077605	0.495181	1.482561	4.094999	Mo17	1	3.4050446273866646	TRUE
3	1	162	178.78	3.859704	0.059555	0.477131	1.297149	6.822873	Mo17	1	3.4050446273866646	TRUE
3	1	163	178.94	3.52533	0.054848	0.472424	1.24552	6.186221	Mo17	1	3.4050446273866646	TRUE
3	2	94	116.65	3.605674	0.056218	0.491909	1.267325	2.812219	Mo17	0	3.4050446273866646	TRUE
3	2	95	117.13	3.686038	0.056236	0.491927	1.269084	2.724117	Mo17	0	3.4050446273866646	TRUE
3	2	96	117.58	3.659546	0.055773	0.491465	1.264441	2.636191	Mo17	0	3.4050446273866646	TRUE
3	2	97	117.97	3.94544	0.059539	0.495231	1.297541	2.430354	Mo17	0	3.4050446273866646	TRUE
3	2	98	118.41	4.123145	0.062459	0.49815	1.329398	2.541778	Mo17	0	3.4050446273866646	TRUE
3	2	98	119.41	5.735002	0.08539	0.521082	1.556401	3.17838	Mo17	0	3.4050446273866646	TRUE
3	2	99	119.73	6.063284	0.087879	0.523571	1.579148	3.252257	Mo17	0	3.4050446273866646	TRUE
3	2	99	120.73	5.601728	0.082711	0.518402	1.535265	3.033784	Mo17	0	3.4050446273866646	TRUE
3	2	100	120.88	5.484183	0.080224	0.515916	1.513529	3.077167	Mo17	0	3.4050446273866646	TRUE
3	2	101	121.6	5.590062	0.081579	0.517271	1.523195	3.313078	Mo17	0	3.4050446273866646	TRUE
3	2	101	122.6	5.667923	0.083699	0.51939	1.548074	3.838422	Mo17	0	3.4050446273866646	TRUE
3	2	102	122.85	5.588586	0.081505	0.517196	1.530882	3.834029	Mo17	0	3.4050446273866646	TRUE
3	2	103	123.77	5.189037	0.076104	0.511795	1.488718	2.521515	Mo17	0	3.4050446273866646	TRUE
3	2	103	124.77	4.714545	0.071214	0.506906	1.446351	2.306902	Mo17	0	3.4050446273866646	TRUE
3	2	104	125.26	4.371273	0.065344	0.501035	1.390031	1.88741	Mo17	0	3.4050446273866646	TRUE
3	2	104	126.26	3.785418	0.057174	0.492866	1.305822	1.749279	Mo17	0	3.4050446273866646	TRUE
3	2	105	126.41	3.674667	0.055006	0.490697	1.282102	1.773852	Mo17	0	3.4050446273866646	TRUE
3	2	106	126.56	3.678439	0.055085	0.490776	1.283537	1.765518	Mo17	0	3.4050446273866646	TRUE
3	2	106	127.56	3.811589	0.05761	0.493301	1.3238	1.616413	Mo17	0	3.4050446273866646	TRUE
3	2	107	127.97	3.803026	0.056854	0.492546	1.320552	1.536107	Mo17	0	3.4050446273866646	TRUE
3	3	81	90.26	3.905752	0.058575	0.506375	-1.306313	2.770904	Mo17	1	3.4050446273866646	TRUE
3	3	82	90.67	4.170596	0.060767	0.508568	-1.331479	2.815486	Mo17	1	3.4050446273866646	TRUE
3	3	82	91.67	4.907647	0.072502	0.520303	-1.4478	3.363316	Mo17	1	3.4050446273866646	TRUE
3	3	83	92.41	5.25492	0.075371	0.523172	-1.472231	3.329185	Mo17	1	3.4050446273866646	TRUE
3	3	83	93.41	5.315817	0.076572	0.524373	-1.480114	3.386603	Mo17	1	3.4050446273866646	TRUE
3	3	84	93.65	5.28667	0.075776	0.523577	-1.471811	3.251231	Mo17	1	3.4050446273866646	TRUE
3	3	84	94.65	4.905961	0.072548	0.520349	-1.440028	2.881231	Mo17	1	3.4050446273866646	TRUE
3	3	85	94.89	4.69469	0.067854	0.515655	-1.393698	2.633105	Mo17	1	3.4050446273866646	TRUE
3	3	86	95.82	5.011497	0.072149	0.51995	-1.45114	3.395858	Mo17	1	3.4050446273866646	TRUE
3	3	87	96.75	3.422476	0.050314	0.498115	-1.216385	2.731329	Mo17	1	3.4050446273866646	TRUE
3	3	87	97.75	3.510277	0.051555	0.499356	-1.227369	2.790017	Mo17	1	3.4050446273866646	TRUE
3	3	88	97.78	3.522122	0.051796	0.499597	-1.230042	2.772807	Mo17	1	3.4050446273866646	TRUE
3	3	89	98.43	3.946979	0.057625	0.505426	-1.29617	2.599931	Mo17	1	3.4050446273866646	TRUE
3	3	90	99.22	4.269173	0.06203	0.509831	-1.340979	3.262487	Mo17	1	3.4050446273866646	TRUE
3	3	90	100.22	4.253733	0.061955	0.509756	-1.338713	3.335621	Mo17	1	3.4050446273866646	TRUE
3	3	92	100.57	4.250927	0.06192	0.509721	-1.338517	3.213063	Mo17	1	3.4050446273866646	TRUE
3	3	92	101.57	4.417785	0.068381	0.516182	-1.409571	4.465678	Mo17	1	3.4050446273866646	TRUE
3	3	93	102.36	3.973777	0.058071	0.505872	-1.30282	6.447564	Mo17	1	3.4050446273866646	TRUE
3	3	93	103.36	4.111861	0.064255	0.512056	-1.369607	6.836689	Mo17	1	3.4050446273866646	TRUE
3	3	93	104.36	3.678444	0.058982	0.506783	-1.310476	9.516265	Mo17	1	3.4050446273866646	TRUE
3	4	46	52.7	3.753361	0.059651	0.460997	1.340914	3.875972	Mo17	0	3.4050446273866646	TRUE
3	4	46	53.7	4.795902	0.076292	0.477639	1.534304	3.534291	Mo17	0	3.4050446273866646	TRUE
3	4	47	54.02	5.018706	0.078313	0.47966	1.556527	3.47042	Mo17	0	3.4050446273866646	TRUE
3	4	47	55.02	5.341535	0.086171	0.487517	1.626392	3.304648	Mo17	0	3.4050446273866646	TRUE
3	4	47	56.02	5.490145	0.08846	0.489806	1.648528	3.259757	Mo17	0	3.4050446273866646	TRUE
3	4	47	57.02	5.48092	0.086354	0.4877	1.633479	3.155155	Mo17	0	3.4050446273866646	TRUE
3	4	48	57.32	5.490016	0.085652	0.486998	1.631018	3.244114	Mo17	0	3.4050446273866646	TRUE
3	4	50	57.66	6.599143	0.104119	0.505465	1.833554	2.40343	Mo17	0	3.4050446273866646	TRUE
3	4	51	58.34	6.105299	0.093788	0.495134	1.72611	2.629204	Mo17	0	3.4050446273866646	TRUE
3	4	52	58.9	6.151635	0.095565	0.496911	1.743829	2.43666	Mo17	0	3.4050446273866646	TRUE
3	4	53	59.51	5.842646	0.091772	0.493118	1.713747	7.042048	Mo17	0	3.4050446273866646	TRUE
3	4	55	60.37	7.112801	0.10864	0.509986	1.851769	2.074785	Mo17	0	3.4050446273866646	TRUE
3	4	55	61.37	7.444609	0.11592	0.517266	1.909919	2.618922	Mo17	0	3.4050446273866646	TRUE
3	4	55	62.37	7.578497	0.117195	0.518541	1.916146	2.940096	Mo17	0	3.4050446273866646	TRUE
3	4	55	63.37	7.574028	0.114964	0.51631	1.893552	3.07895	Mo17	0	3.4050446273866646	TRUE
3	4	56	63.62	7.643518	0.115833	0.51717900000000006	1.89995	3.232444	Mo17	0	3.4050446273866646	TRUE
3	4	57	63.74	8.14698	0.12176	0.523107	1.949477	3.306128	Mo17	0	3.4050446273866646	TRUE
3	4	58	64.35	8.017338	0.120303	0.52165	1.936566	3.417744	Mo17	0	3.4050446273866646	TRUE
3	4	58	65.35	6.971239	0.108131	0.509477	1.828888	3.369233	Mo17	0	3.4050446273866646	TRUE
3	4	59	65.53	6.651771	0.101616	0.502962	1.771157	3.098952	Mo17	0	3.4050446273866646	TRUE
3	4	60	65.9	5.056223	0.078869	0.480215	1.57951	19.596275	Mo17	0	3.4050446273866646	TRUE
3	4	60	66.9	5.378832	0.087758	0.489104	1.674746	21.491722	Mo17	0	3.4050446273866646	TRUE
3	4	60	67.9	5.39113	0.087559	0.488905	1.677401	20.96435	Mo17	0	3.4050446273866646	TRUE
3	4	61	68.58	5.190734	0.08075	0.482096	1.612285	19.191741	Mo17	0	3.4050446273866646	TRUE
3	4	61	69.58	5.372647	0.083576	0.484922	1.644296	20.54227	Mo17	0	3.4050446273866646	TRUE
3	4	62	69.82	5.407546	0.084002	0.485349	1.648978	20.361243	Mo17	0	3.4050446273866646	TRUE
3	4	62	70.82	5.315288	0.087438	0.488784	1.669695	22.4021	Mo17	0	3.4050446273866646	TRUE
3	4	63	71.53	4.674451	0.073252	0.474598	1.518795	20.719021	Mo17	0	3.4050446273866646	TRUE
3	4	63	72.53	4.655215	0.075306	0.476652	1.531058	22.307979	Mo17	0	3.4050446273866646	TRUE
3	4	63	73.53	4.463872	0.072279	0.473625	1.49011	22.561222	Mo17	0	3.4050446273866646	TRUE
3	5	47	52.36	4.667119	0.068715	0.50665	1.428926	3.419119	Mo17	1	3.4050446273866646	TRUE
3	5	47	53.36	5.042436	0.076292	0.514226	1.500148	3.171283	Mo17	1	3.4050446273866646	TRUE
3	5	47	54.36	5.157895	0.076272	0.514206	1.498814	2.8848	Mo17	1	3.4050446273866646	TRUE
3	5	48	54.69	5.157367	0.075349	0.513283	1.489813	2.759562	Mo17	1	3.4050446273866646	TRUE
3	5	49	54.94	5.156698	0.075358	0.513293	1.489874	2.756433	Mo17	1	3.4050446273866646	TRUE
3	5	51	55.82	5.043472	0.07399	0.511925	1.476543	2.649179	Mo17	1	3.4050446273866646	TRUE
3	5	51	56.82	5.813836	0.08541	0.523345	1.58367	3.421275	Mo17	1	3.4050446273866646	TRUE
3	5	54	57.13	5.923242	0.085641	0.523575	1.586779	3.249364	Mo17	1	3.4050446273866646	TRUE
3	5	55	57.53	5.918319	0.085604	0.523538	1.586426	3.252106	Mo17	1	3.4050446273866646	TRUE
3	5	55	58.53	5.298803	0.078332	0.516267	1.518246	3.173995	Mo17	1	3.4050446273866646	TRUE
3	5	56	58.82	5.051743	0.073954	0.511889	1.476412	2.84908	Mo17	1	3.4050446273866646	TRUE
3	5	56	59.82	4.54122	0.068799	0.506734	1.422344	2.519427	Mo17	1	3.4050446273866646	TRUE
3	5	57	59.93	4.407952	0.065708	0.503642	1.389988	2.235442	Mo17	1	3.4050446273866646	TRUE
3	5	60	63.59	3.745158	0.056293	0.494228	1.293435	2.286091	Mo17	1	3.4050446273866646	TRUE
3	5	61	63.62	3.750571	0.056363	0.494298	1.29442	2.297833	Mo17	1	3.4050446273866646	TRUE
3	5	61	64.62	3.481306	0.05307	0.491005	1.256785	1.826939	Mo17	1	3.4050446273866646	TRUE
4	1	149	166.54	3.886516	0.059308	0.48342	1.40295	3.991777	Mo17	1	3.2730495055018096	TRUE
4	1	150	166.62	4.000519	0.060864	0.484976	1.425017	4.120953	Mo17	1	3.2730495055018096	TRUE
4	1	150	167.62	4.259067	0.065532000000000007	0.489645	1.475492	4.486994	Mo17	1	3.2730495055018096	TRUE
4	1	151	168.53	4.487107	0.068953	0.493066	1.517418	4.351346	Mo17	1	3.2730495055018096	TRUE
4	1	153	168.6	4.635878	0.070097	0.494209	1.528479	4.607951	Mo17	1	3.2730495055018096	TRUE
4	1	153	169.6	4.780343	0.073322	0.497435	1.559125	5.462772	Mo17	1	3.2730495055018096	TRUE
4	1	154	170.12	4.726358	0.071235	0.495348	1.532501	5.433678	Mo17	1	3.2730495055018096	TRUE
4	1	154	171.12	5.213307	0.078761	0.502873	1.605789	6.96295	Mo17	1	3.2730495055018096	TRUE
4	1	155	171.36	5.27782	0.079032	0.503144	1.607857	6.89827	Mo17	1	3.2730495055018096	TRUE
4	1	156	172.29	6.413715	0.094509	0.518621	1.755447	8.917666	Mo17	1	3.2730495055018096	TRUE
4	1	157	173.21	5.693287	0.084845	0.508957	1.662716	9.241881	Mo17	1	3.2730495055018096	TRUE
4	1	159	173.9	6.259094	0.095323	0.519436	1.765529	8.418379	Mo17	1	3.2730495055018096	TRUE
4	1	159	174.9	7.363647	0.114527	0.538639	1.939266	5.379821	Mo17	1	3.2730495055018096	TRUE
4	1	159	175.9	7.805567	0.11664	0.540753	1.956451	4.988292	Mo17	1	3.2730495055018096	TRUE
4	1	160	176.61	7.932114	0.114774	0.538887	1.937925	4.301937	Mo17	1	3.2730495055018096	TRUE
4	1	160	177.61	6.924106	0.105339	0.529451	1.858275	3.75639	Mo17	1	3.2730495055018096	TRUE
4	1	161	177.86	6.510897	0.098256	0.522368	1.796318	3.483179	Mo17	1	3.2730495055018096	TRUE
4	1	162	178.78	5.092681	0.076426	0.500539	1.574779	4.692096	Mo17	1	3.2730495055018096	TRUE
4	1	163	178.94	4.601443	0.069493	0.493605	1.500291	4.237104	Mo17	1	3.2730495055018096	TRUE
4	1	163	179.94	4.204459	0.064079	0.488191	1.441988	4.493332	Mo17	1	3.2730495055018096	TRUE
4	1	164	180.25	4.079823	0.06201	0.486123	1.42035	4.452858	Mo17	1	3.2730495055018096	TRUE
4	1	165	180.89	4.252162	0.064472	0.488585	1.448306	5.105312	Mo17	1	3.2730495055018096	TRUE
4	1	165	181.89	4.383884	0.067492	0.491604	1.479765	5.204773	Mo17	1	3.2730495055018096	TRUE
4	1	166	182.63	4.377831	0.066792	0.490904	1.470089	4.760044	Mo17	1	3.2730495055018096	TRUE
4	1	166	183.63	3.820314	0.058506	0.482618	1.380303	4.255293	Mo17	1	3.2730495055018096	TRUE
4	1	167	183.71	3.774546	0.057673	0.481785	1.370888	4.145352	Mo17	1	3.2730495055018096	TRUE
4	1	167	184.71	4.019451	0.063815	0.487927	1.450072	3.875912	Mo17	1	3.2730495055018096	TRUE
4	2	4	5.18	3.3664	0.04822	0.534656	-1.266756	3.756793	Mo17	0	3.2730495055018096	TRUE
4	2	4	6.18	3.504795	0.047948	0.534384	-1.259807	3.420397	Mo17	0	3.2730495055018096	TRUE
4	2	5	6.22	3.507406	0.047913	0.534349	-1.259229	3.406385	Mo17	0	3.2730495055018096	TRUE
4	2	6	6.44	3.504955	0.047886	0.534322	-1.258618	3.392457	Mo17	0	3.2730495055018096	TRUE
4	2	6	7.44	3.634838	0.049621	0.536057	-1.277844	3.572011	Mo17	0	3.2730495055018096	TRUE
4	2	7	7.62	3.656091	0.049842	0.536278	-1.280233	3.562995	Mo17	0	3.2730495055018096	TRUE
4	2	8	8.32	3.866655	0.052913	0.539348	-1.324809	4.326993	Mo17	0	3.2730495055018096	TRUE
4	2	9	9.1	3.820064	0.052619	0.539055	-1.33453	4.512835	Mo17	0	3.2730495055018096	TRUE
4	2	9	10.1	3.407892	0.047813	0.534249	-1.276559	3.970847	Mo17	0	3.2730495055018096	TRUE
4	2	96	117.58	4.171038	0.061744	0.513546	1.421458	7.85516	Mo17	0	3.2730495055018096	TRUE
4	2	97	117.97	3.931121	0.057329	0.509131	1.368022	9.149239	Mo17	0	3.2730495055018096	TRUE
4	2	98	118.41	4.0735	0.060015	0.511817	1.401073	8.721274	Mo17	0	3.2730495055018096	TRUE
4	2	98	119.41	5.814907	0.083983	0.535785	1.652952	5.253683	Mo17	0	3.2730495055018096	TRUE
4	2	99	119.73	6.119569	0.086084	0.537886	1.673054	5.299521	Mo17	0	3.2730495055018096	TRUE
4	2	99	120.73	5.91232	0.083769	0.535571	1.6514	5.12482	Mo17	0	3.2730495055018096	TRUE
4	2	100	120.88	5.878097	0.083166	0.534968	1.646282	4.942486	Mo17	0	3.2730495055018096	TRUE
4	2	101	121.6	6.150549	0.086502	0.538304	1.67215	5.758713	Mo17	0	3.2730495055018096	TRUE
4	2	101	122.6	6.555937	0.092167	0.543969	1.729319	6.706224	Mo17	0	3.2730495055018096	TRUE
4	2	102	122.85	6.618205	0.092521	0.544322	1.734558	6.550904	Mo17	0	3.2730495055018096	TRUE
4	2	103	123.77	6.924374	0.096349	0.548151	1.779501	6.344499	Mo17	0	3.2730495055018096	TRUE
4	2	103	124.77	6.586576	0.093222	0.545024	1.754657	6.10987	Mo17	0	3.2730495055018096	TRUE
4	2	104	125.26	6.333126	0.089148	0.54095	1.71675	5.238548	Mo17	0	3.2730495055018096	TRUE
4	2	104	126.26	5.993699	0.08522	0.537022	1.679766	4.958329	Mo17	0	3.2730495055018096	TRUE
4	2	105	126.41	5.909936	0.083601	0.535403	1.663757	4.799584	Mo17	0	3.2730495055018096	TRUE
4	2	106	126.56	5.903835	0.083633	0.535435	1.664436	4.767197	Mo17	0	3.2730495055018096	TRUE
4	2	106	127.56	6.204558	0.088495	0.540297	1.722869	4.67659	Mo17	0	3.2730495055018096	TRUE
4	2	107	127.97	6.192695	0.087047	0.538849	1.715925	4.260394	Mo17	0	3.2730495055018096	TRUE
4	2	107	128.97	6.307547	0.089473	0.541275	1.739964	4.69837	Mo17	0	3.2730495055018096	TRUE
4	2	108	129.04	6.283472	0.089141	0.540943	1.737082	4.660581	Mo17	0	3.2730495055018096	TRUE
4	2	109	129.36	5.395245	0.076701	0.528503	1.616094	4.984355	Mo17	0	3.2730495055018096	TRUE
4	2	110	129.62	5.380129	0.076557	0.528358	1.614316	4.99104	Mo17	0	3.2730495055018096	TRUE
4	2	110	130.62	5.240146	0.075089	0.526891	1.598782	4.991399	Mo17	0	3.2730495055018096	TRUE
4	2	110	131.62	5.09063	0.072923	0.524724	1.578213	4.400125	Mo17	0	3.2730495055018096	TRUE
4	2	111	132.11	5.008611	0.071547	0.523349	1.565738	3.929213	Mo17	0	3.2730495055018096	TRUE
4	2	111	133.11	4.111785	0.059813	0.511615	1.444825	3.115385	Mo17	0	3.2730495055018096	TRUE
4	2	112	133.16	4.055862	0.058721	0.510522	1.432494	3.085442	Mo17	0	3.2730495055018096	TRUE
4	2	112	134.16	3.76489	0.058353	0.510155	1.42478	3.544663	Mo17	0	3.2730495055018096	TRUE
4	4	46	52.7	5.472399	0.084151	0.490342	1.739887	5.356304	Mo17	0	3.2730495055018096	TRUE
4	4	46	53.7	5.707854	0.088167	0.494358	1.787144	5.522894	Mo17	0	3.2730495055018096	TRUE
4	4	47	54.02	5.729728	0.087886	0.494077	1.786998	5.271602	Mo17	0	3.2730495055018096	TRUE
4	4	47	55.02	5.815621	0.091464	0.497655	1.809909	5.821888	Mo17	0	3.2730495055018096	TRUE
4	4	47	56.02	5.789746	0.091262	0.497453	1.801751	5.623435	Mo17	0	3.2730495055018096	TRUE
4	4	47	57.02	5.663806	0.087734	0.493925	1.765291	4.689472	Mo17	0	3.2730495055018096	TRUE
4	4	48	57.32	5.686582	0.088287	0.494478	1.774251	4.093461	Mo17	0	3.2730495055018096	TRUE
4	4	50	57.66	6.820475	0.104497	0.510688	1.963732	3.79586	Mo17	0	3.2730495055018096	TRUE
4	4	51	58.34	5.594539	0.085839	0.49203	1.760757	4.057092	Mo17	0	3.2730495055018096	TRUE
4	4	52	58.9	5.649406	0.087774	0.493965	1.782005	3.638826	Mo17	0	3.2730495055018096	TRUE
4	4	53	59.51	5.995189	0.092374	0.498565	1.845023	4.417763	Mo17	0	3.2730495055018096	TRUE
4	4	55	60.37	8.050623	0.12162	0.527811	2.101062	3.841534	Mo17	0	3.2730495055018096	TRUE
4	4	55	61.37	8.562983	0.132293	0.538484	2.192437	4.542891	Mo17	0	3.2730495055018096	TRUE
4	4	55	62.37	8.727968	0.133243	0.539434	2.197478	4.653994	Mo17	0	3.2730495055018096	TRUE
4	4	55	63.37	8.663003	0.128907	0.535098	2.158224	4.05149	Mo17	0	3.2730495055018096	TRUE
4	4	56	63.62	8.662056	0.127798	0.533989	2.147936	3.930104	Mo17	0	3.2730495055018096	TRUE
4	4	57	63.74	9.011149	0.132048	0.538239	2.182556	4.281949	Mo17	0	3.2730495055018096	TRUE
4	4	58	64.35	8.822007	0.130013	0.536204	2.163204	3.976458	Mo17	0	3.2730495055018096	TRUE
4	4	58	65.35	7.846846	0.121071	0.527262	2.077349	3.83326	Mo17	0	3.2730495055018096	TRUE
4	4	59	65.53	7.442526	0.11213	0.518321	1.997517	4.455797	Mo17	0	3.2730495055018096	TRUE
4	4	60	65.9	6.125079	0.093687	0.499878	1.841939	28.298403	Mo17	0	3.2730495055018096	TRUE
4	4	60	66.9	7.489827	0.121109	0.5273	2.109339	32.016641	Mo17	0	3.2730495055018096	TRUE
4	4	60	67.9	8.058745	0.124686	0.530877	2.145295	33.013749	Mo17	0	3.2730495055018096	TRUE
4	4	61	68.58	8.201971	0.121547	0.527738	2.12271	33.44812	Mo17	0	3.2730495055018096	TRUE
4	4	61	69.58	8.133247	0.121826	0.528017	2.123121	33.491572	Mo17	0	3.2730495055018096	TRUE
4	4	62	69.82	8.029419	0.119323	0.525514	2.102637	31.852583	Mo17	0	3.2730495055018096	TRUE
4	4	62	70.82	7.796535	0.122507	0.528698	2.115403	34.846045	Mo17	0	3.2730495055018096	TRUE
4	4	63	71.53	6.755602	0.10206899999999999	0.50826	1.915974	33.420952	Mo17	0	3.2730495055018096	TRUE
4	4	63	72.53	6.429067	0.100424	0.506614	1.888818	33.152803	Mo17	0	3.2730495055018096	TRUE
4	4	63	73.53	5.916453	0.094045	0.500236	1.815632	31.461052	Mo17	0	3.2730495055018096	TRUE
4	5	47	52.36	5.154605	0.073502	0.525016	1.580097	3.105826	Mo17	1	3.2730495055018096	TRUE
4	5	47	53.36	5.333465	0.076398	0.527912	1.604495	3.570794	Mo17	1	3.2730495055018096	TRUE
4	5	47	54.36	5.477887	0.077981	0.529495	1.616726	3.622806	Mo17	1	3.2730495055018096	TRUE
4	5	48	54.69	5.518888	0.078297	0.529811	1.618889	3.569294	Mo17	1	3.2730495055018096	TRUE
4	5	49	54.94	5.520763	0.078359	0.529872	1.619437	3.572926	Mo17	1	3.2730495055018096	TRUE
4	5	51	55.82	5.515861	0.078412	0.529926	1.618148	3.640322	Mo17	1	3.2730495055018096	TRUE
4	5	51	56.82	6.177452	0.088478	0.539992	1.716966	4.648356	Mo17	1	3.2730495055018096	TRUE
4	5	54	57.13	6.20809	0.087253	0.538767	1.704966	4.244012	Mo17	1	3.2730495055018096	TRUE
4	5	55	57.53	6.202821	0.087208	0.538721	1.704459	4.241006	Mo17	1	3.2730495055018096	TRUE
4	5	55	58.53	5.577647	0.079782	0.531296	1.626119	3.255455	Mo17	1	3.2730495055018096	TRUE
4	5	56	58.82	5.355297	0.076176	0.527689	1.589503	2.683692	Mo17	1	3.2730495055018096	TRUE
4	5	56	59.82	4.689871	0.069044	0.520558	1.511433	2.214396	Mo17	1	3.2730495055018096	TRUE
4	5	57	59.93	4.584753	0.067392	0.518906	1.493621	2.100105	Mo17	1	3.2730495055018096	TRUE
5	3	12	13.08	3.4180450000000002	0.052776000000000003	0.472876	-0.24503	3.636456	Mo17	1	3.3130979711505177	TRUE
5	3	12	14.08	3.356608	0.052591	0.472691	-0.244524	3.582793	Mo17	1	3.3130979711505177	TRUE
5	3	19	23.05	3.37449	0.052714	0.472814	-0.248103	4.052182	Mo17	1	3.3130979711505177	TRUE
5	3	65	72.11	6.755735	0.123681	0.404015	-0.386162	1.21172	Mo17	1	3.3130979711505177	TRUE
5	3	65	73.11	6.376773	0.11779	0.398124	-0.375432	1.399286	Mo17	1	3.3130979711505177	TRUE
5	3	66	73.35	6.287091	0.116166	0.3965	-0.372731	1.327937	Mo17	1	3.3130979711505177	TRUE
5	3	66	74.35	6.252414	0.121154	0.401488	-0.378577	2.050841	Mo17	1	3.3130979711505177	TRUE
5	3	67	74.5	5.985035	0.11196	0.392294	-0.363515	3.375996	Mo17	1	3.3130979711505177	TRUE
5	3	68	75.2	5.480882	0.102246	0.382579	-0.348111	3.483423	Mo17	1	3.3130979711505177	TRUE
5	3	69	76.13	6.236896	0.114991	0.395325	-0.368415	3.921674	Mo17	1	3.3130979711505177	TRUE
5	3	69	77.13	6.567867	0.120734	0.401068	-0.376744	4.291767	Mo17	1	3.3130979711505177	TRUE
5	3	70	77.32	6.730116	0.125513	0.405847	-0.384026	3.566961	Mo17	1	3.3130979711505177	TRUE
5	3	71	77.67	7.991168	0.143868	0.424202	-0.409697	2.365965	Mo17	1	3.3130979711505177	TRUE
5	3	72	78.59	8.113508	0.145871	0.426205	-0.412268	2.642406	Mo17	1	3.3130979711505177	TRUE
5	3	73	79.21	7.867041	0.141929	0.422263	-0.410659	2.4665	Mo17	1	3.3130979711505177	TRUE
5	3	74	79.97	8.146661	0.147494	0.427828	-0.416155	2.7467800000000002	Mo17	1	3.3130979711505177	TRUE
5	3	74	80.97	9.73704	0.171806	0.45214	-0.445835	3.098543	Mo17	1	3.3130979711505177	TRUE
5	3	75	81.06	9.808877	0.172468	0.452802	-0.446538	3.107219	Mo17	1	3.3130979711505177	TRUE
5	3	75	82.06	10.523193	0.18589	0.466224	-0.460887	4.14266	Mo17	1	3.3130979711505177	TRUE
5	3	77	83.02	10.911704	0.189069	0.469403	-0.464346	3.708808	Mo17	1	3.3130979711505177	TRUE
5	3	77	84.02	9.994649	0.181532	0.461866	-0.454723	3.24338	Mo17	1	3.3130979711505177	TRUE
5	3	77	85.02	8.453967	0.155505	0.435839	-0.421777	2.753094	Mo17	1	3.3130979711505177	TRUE
5	3	78	85.17	8.131953	0.146281	0.426615	-0.409707	3.515038	Mo17	1	3.3130979711505177	TRUE
5	3	78	86.17	8.656627	0.160375	0.440708	-0.429217	4.349916	Mo17	1	3.3130979711505177	TRUE
5	3	79	86.6	8.469878	0.153882	0.434216	-0.420984	4.140905	Mo17	1	3.3130979711505177	TRUE
5	3	79	87.6	7.677368	0.14728	0.427614	-0.412419	4.8122	Mo17	1	3.3130979711505177	TRUE
5	3	80	88.36	6.261029	0.115442	0.395776	-0.365848	11.11893	Mo17	1	3.3130979711505177	TRUE
5	3	81	89.26	4.974158	0.093369	0.373702	-0.327821	9.097169	Mo17	1	3.3130979711505177	TRUE
5	3	81	90.26	4.606096	0.094246	0.37458	-0.328876	9.834243	Mo17	1	3.3130979711505177	TRUE
5	3	82	90.67	3.922775	0.075379	0.355713	-0.293787	18.722655	Mo17	1	3.3130979711505177	TRUE
5	3	82	91.67	4.014723	0.078085	0.358418	-0.299356	20.396347	Mo17	1	3.3130979711505177	TRUE
5	3	83	92.41	3.948556	0.075128	0.355462	-0.293775	19.143488	Mo17	1	3.3130979711505177	TRUE
5	3	83	93.41	3.876146	0.075158	0.355492	-0.294585	21.311757	Mo17	1	3.3130979711505177	TRUE
5	5	39	44.65	3.38846	0.059838	0.432128	0.2618	8.614566	Mo17	1	3.3130979711505177	TRUE
5	5	39	45.65	3.664223	0.063095	0.435385	0.268776	8.229522	Mo17	1	3.3130979711505177	TRUE
5	5	40	46.18	3.792201	0.064357	0.436647	0.271437	8.101486	Mo17	1	3.3130979711505177	TRUE
5	5	41	47.07	4.088797	0.068337	0.440626	0.28	8.174293	Mo17	1	3.3130979711505177	TRUE
5	5	41	48.07	6.030528	0.09943	0.471719	0.336925	3.755723	Mo17	1	3.3130979711505177	TRUE
5	5	42	48.32	6.25345	0.100538	0.472828	0.338824	3.644022	Mo17	1	3.3130979711505177	TRUE
5	5	42	49.32	5.866602	0.095269	0.467559	0.329303	4.219294	Mo17	1	3.3130979711505177	TRUE
5	5	43	49.57	5.748814	0.093076	0.465366	0.325456	4.271419	Mo17	1	3.3130979711505177	TRUE
5	5	44	50.51	5.256666	0.085733	0.458023	0.314391	3.986505	Mo17	1	3.3130979711505177	TRUE
5	5	45	51.44	5.844659	0.094521	0.46681	0.332143	3.735257	Mo17	1	3.3130979711505177	TRUE
5	5	47	52.36	6.693734	0.106973	0.479263	0.352952	2.918331	Mo17	1	3.3130979711505177	TRUE
5	5	47	53.36	6.639163	0.106773	0.479063	0.353908	3.030616	Mo17	1	3.3130979711505177	TRUE
5	5	47	54.36	6.554306	0.105235	0.477525	0.352954	2.793217	Mo17	1	3.3130979711505177	TRUE
5	5	48	54.69	6.520229	0.104436	0.476725	0.352227	2.653489	Mo17	1	3.3130979711505177	TRUE
5	5	49	54.94	6.516296	0.104414	0.476704	0.352198	2.652165	Mo17	1	3.3130979711505177	TRUE
5	5	51	55.82	5.8265	0.094284	0.466574	0.335251	2.371852	Mo17	1	3.3130979711505177	TRUE
5	5	51	56.82	5.115846	0.085349	0.457638	0.321211	2.165512	Mo17	1	3.3130979711505177	TRUE
5	5	54	57.13	4.785195	0.078473	0.450763	0.30900300000000003	2.111168	Mo17	1	3.3130979711505177	TRUE
5	5	55	57.53	4.789642	0.078597	0.450887	0.30927	2.107813	Mo17	1	3.3130979711505177	TRUE
5	5	55	58.53	5.018531	0.082958	0.455248	0.31947	2.148332	Mo17	1	3.3130979711505177	TRUE
5	6	18	15.35	3.320259	0.051817	0.467012	-0.256092	3.688865	Mo17	0	3.3130979711505177	TRUE
5	6	18	16.35	3.609531	0.056957	0.472152	-0.267045	3.446087	Mo17	0	3.3130979711505177	TRUE
5	6	19	16.59	3.608432	0.056078	0.471273	-0.264368	3.521034	Mo17	0	3.3130979711505177	TRUE
5	6	19	17.59	3.799047	0.061613	0.476808	-0.275049	3.745599	Mo17	0	3.3130979711505177	TRUE
5	6	19	18.59	3.822497	0.061971	0.477166	-0.274448	3.785791	Mo17	0	3.3130979711505177	TRUE
5	6	21	19.36	3.74545	0.059598	0.474793	-0.268164	3.766317	Mo17	0	3.3130979711505177	TRUE
6	2	46	61.88	3.389921	0.081151	0.257033	-0.238562	8.454897	Mo17	0	3.2764652316019784	TRUE
6	2	46	62.88	3.353038	0.0794	0.255283	-0.238145	8.783993	Mo17	0	3.2764652316019784	TRUE
6	2	47	64.78	3.304468	0.07463	0.250513	-0.231662	9.527397	Mo17	0	3.2764652316019784	TRUE
6	2	48	65.65	3.331788	0.073319	0.249201	-0.228002	9.178795	Mo17	0	3.2764652316019784	TRUE
6	2	48	66.65	3.4034	0.077722	0.253604	-0.236369	9.615053	Mo17	0	3.2764652316019784	TRUE
6	2	48	67.65	3.335296	0.076245	0.252127	-0.235857	9.452138	Mo17	0	3.2764652316019784	TRUE
6	2	49	69.34	3.656244	0.079976	0.255859	-0.245181	8.773198	Mo17	0	3.2764652316019784	TRUE
6	2	51	69.36	3.669458	0.080379	0.256261	-0.245864	8.794614	Mo17	0	3.2764652316019784	TRUE
6	2	51	70.36	4.366599	0.099971	0.275854	-0.279182	9.932613	Mo17	0	3.2764652316019784	TRUE
6	2	52	71.25	4.543151	0.098451	0.274334	-0.281141	9.000394	Mo17	0	3.2764652316019784	TRUE
6	2	52	72.25	4.959619	0.117654	0.293536	-0.308976	6.160003	Mo17	0	3.2764652316019784	TRUE
6	2	52	73.25	5.035399	0.120467	0.296349	-0.313792	6.009877	Mo17	0	3.2764652316019784	TRUE
6	2	52	74.25	4.938483	0.119009	0.294891	-0.313323	6.023211	Mo17	0	3.2764652316019784	TRUE
6	2	52	75.25	4.65835	0.113377	0.28926	-0.307669	6.23446	Mo17	0	3.2764652316019784	TRUE
6	2	57	76.24	3.597149	0.078716	0.254598	-0.279209	14.152542	Mo17	0	3.2764652316019784	TRUE
6	2	58	76.42	3.595254	0.078764	0.254647	-0.279372	14.166711	Mo17	0	3.2764652316019784	TRUE
6	3	65	72.11	3.676999	0.079709	0.262744	0.221916	6.360041	Mo17	1	3.2764652316019784	TRUE
6	3	72	78.59	3.455735	0.075171	0.258206	0.216521	7.553926	Mo17	1	3.2764652316019784	TRUE
6	3	73	79.21	3.906026	0.084412	0.267447	0.228842	7.529307	Mo17	1	3.2764652316019784	TRUE
6	3	74	79.97	3.279496	0.071493	0.254528	0.209416	7.535537	Mo17	1	3.2764652316019784	TRUE
6	3	74	80.97	3.756203	0.081482	0.264517	0.222402	8.076859	Mo17	1	3.2764652316019784	TRUE
6	3	75	81.06	3.790195	0.082059000000000007	0.265095	0.223137	8.115828	Mo17	1	3.2764652316019784	TRUE
6	3	75	82.06	4.066653	0.090018	0.273053	0.233424	8.88188	Mo17	1	3.2764652316019784	TRUE
6	3	77	83.02	4.154981	0.089905	0.27294	0.233931	9.214215	Mo17	1	3.2764652316019784	TRUE
6	3	77	84.02	3.593138	0.081427	0.264462	0.221581	9.605071	Mo17	1	3.2764652316019784	TRUE
7	1	149	166.54	3.375618	0.045052	0.546826	1.151409	0.081874	Mo17	1	3.370466100737528	TRUE
7	1	150	166.62	3.528615	0.046734	0.548509	1.172927	0.128426	Mo17	1	3.370466100737528	TRUE
7	1	150	167.62	3.755725	0.049921	0.551695	1.212173	0.219023	Mo17	1	3.370466100737528	TRUE
7	1	151	168.53	3.935766	0.052158	0.553933	1.239609	0.281936	Mo17	1	3.370466100737528	TRUE
7	1	153	168.6	3.74747	0.049583	0.551358	1.207992	0.217022	Mo17	1	3.370466100737528	TRUE
7	1	153	169.6	3.398846	0.046498	0.548273	1.170723	0.218662	Mo17	1	3.370466100737528	TRUE
7	1	154	171.12	3.458522	0.04609	0.547865	1.168171	0.443654	Mo17	1	3.370466100737528	TRUE
7	1	155	171.36	3.536529	0.046952	0.548726	1.179771	0.4543	Mo17	1	3.370466100737528	TRUE
7	1	156	172.29	4.100265	0.054151	0.555926	1.270437	0.265633	Mo17	1	3.370466100737528	TRUE
7	1	157	173.21	4.178038	0.054945	0.55672	1.279436	0.10579	Mo17	1	3.370466100737528	TRUE
7	1	159	173.9	4.429874	0.058328	0.560103	1.316222	0.249123	Mo17	1	3.370466100737528	TRUE
7	1	159	174.9	5.631406	0.078415	0.58019	1.524323	0.228078	Mo17	1	3.370466100737528	TRUE
7	1	159	175.9	6.363286	0.08449	0.586264	1.580734	0.304001	Mo17	1	3.370466100737528	TRUE
7	1	160	176.61	6.696275	0.085374	0.587148	1.588033	0.267997	Mo17	1	3.370466100737528	TRUE
7	1	160	177.61	5.741085	0.07692	0.578695	1.508412	0.195274	Mo17	1	3.370466100737528	TRUE
7	1	161	177.86	5.370978	0.071333	0.573108	1.452877	0.21606	Mo17	1	3.370466100737528	TRUE
7	1	162	178.78	4.232339	0.05562	0.557394	1.280653	0.967283	Mo17	1	3.370466100737528	TRUE
7	1	163	178.94	3.746506	0.049597	0.55137100000000006	1.210464	0.583603	Mo17	1	3.370466100737528	TRUE
7	1	163	179.94	3.428114	0.04594	0.547714	1.169207	0.730393	Mo17	1	3.370466100737528	TRUE
7	1	165	181.89	3.751923	0.051636	0.55341	1.245464	1.017586	Mo17	1	3.370466100737528	TRUE
7	1	166	182.63	4.083845	0.05381	0.555585	1.270409	1.003217	Mo17	1	3.370466100737528	TRUE
7	1	166	183.63	3.984534	0.052729	0.554503	1.257851	1.091025	Mo17	1	3.370466100737528	TRUE
7	1	167	183.71	3.969027	0.052397	0.554172	1.254207	1.079274	Mo17	1	3.370466100737528	TRUE
7	1	167	184.71	4.734255	0.064435	0.56621	1.401852	0.933457	Mo17	1	3.370466100737528	TRUE
7	2	9	9.1	3.70151	0.040627	0.627376	-1.122486	2.180682	Mo17	0	3.370466100737528	TRUE
7	2	9	10.1	3.698086	0.040911	0.627659	-1.129348	2.002173	Mo17	0	3.370466100737528	TRUE
7	2	10	10.43	3.683897	0.04068	0.627428	-1.127587	1.837015	Mo17	0	3.370466100737528	TRUE
7	2	10	11.43	3.618001	0.040389	0.62713699999999994	-1.123001	1.773972	Mo17	0	3.370466100737528	TRUE
7	2	10	12.43	3.53947	0.039702	0.62645	-1.112815	1.704281	Mo17	0	3.370466100737528	TRUE
7	2	10	13.43	3.444569	0.038492	0.62524	-1.095	1.618327	Mo17	0	3.370466100737528	TRUE
7	2	12	14.33	3.870245	0.04231	0.629058	-1.1494	2.306777	Mo17	0	3.370466100737528	TRUE
7	2	13	14.64	3.870291	0.042311	0.629059	-1.149412	2.306902	Mo17	0	3.370466100737528	TRUE
7	2	14	14.77	3.865526	0.042303	0.629051	-1.149293	2.311384	Mo17	0	3.370466100737528	TRUE
7	2	94	116.65	3.450282	0.045514	0.569847	1.173114	0.343857	Mo17	0	3.370466100737528	TRUE
7	2	95	117.13	3.506665	0.045347	0.569681	1.171979	0.31536	Mo17	0	3.370466100737528	TRUE
7	2	96	117.58	3.528825	0.045421	0.569754	1.172719	0.317138	Mo17	0	3.370466100737528	TRUE
7	2	97	117.97	3.781337	0.047823	0.572157	1.195959	0.588951	Mo17	0	3.370466100737528	TRUE
7	2	98	118.41	3.871706	0.049237	0.573571	1.215241	0.615117	Mo17	0	3.370466100737528	TRUE
7	2	98	119.41	4.895683	0.062031	0.586364	1.373401	0.283624	Mo17	0	3.370466100737528	TRUE
7	2	99	119.73	5.035344	0.062381	0.586714	1.379696	0.252487	Mo17	0	3.370466100737528	TRUE
7	2	99	120.73	4.433667	0.055884	0.580218	1.317663	0.145626	Mo17	0	3.370466100737528	TRUE
7	2	100	120.88	4.312753	0.053955	0.578289	1.29827	0.1376	Mo17	0	3.370466100737528	TRUE
7	2	101	121.6	4.092638	0.051363	0.575697	1.263609	0.122155	Mo17	0	3.370466100737528	TRUE
7	2	101	122.6	4.039751	0.051015	0.575348	1.265978	0.102898	Mo17	0	3.370466100737528	TRUE
7	2	102	122.85	4.000314	0.050257	0.57459	1.259945	0.083389	Mo17	0	3.370466100737528	TRUE
7	2	103	123.77	4.023147	0.05055	0.574883	1.284348	0.036906	Mo17	0	3.370466100737528	TRUE
7	2	103	124.77	3.811304	0.049651	0.573985	1.27335	0.05688	Mo17	0	3.370466100737528	TRUE
7	2	104	125.26	3.552012	0.045236	0.569569	1.2180280000000001	0.058917	Mo17	0	3.370466100737528	TRUE
7	2	104	126.26	3.710665	0.047649	0.571982	1.24963	0.069326	Mo17	0	3.370466100737528	TRUE
7	2	105	126.41	3.661405	0.046206	0.57054	1.229927	0.069778	Mo17	0	3.370466100737528	TRUE
7	2	106	126.56	3.662326	0.046232	0.570566	1.2303	0.069445	Mo17	0	3.370466100737528	TRUE
7	2	106	127.56	3.831353	0.04855	0.572884	1.267282	0.1156	Mo17	0	3.370466100737528	TRUE
7	2	107	127.97	3.877408	0.048839	0.573173	1.275074	0.100197	Mo17	0	3.370466100737528	TRUE
7	2	107	128.97	4.27923	0.05445	0.578784	1.338404	0.29097	Mo17	0	3.370466100737528	TRUE
7	2	108	129.04	4.261965	0.054218	0.578551	1.335463	0.288446	Mo17	0	3.370466100737528	TRUE
7	3	34	42.74	4.050095	0.059743	0.501527	1.408055	2.146576	Mo17	1	3.370466100737528	TRUE
7	3	34	43.74	4.237485	0.0643	0.506085	1.456915	2.552646	Mo17	1	3.370466100737528	TRUE
7	3	35	44.73	4.162415	0.061314	0.503098	1.426042	2.112822	Mo17	1	3.370466100737528	TRUE
7	3	36	45	4.118178	0.061123	0.502907	1.415555	1.778831	Mo17	1	3.370466100737528	TRUE
7	3	36	46	5.762106	0.085942	0.527726	1.675758	0.291402	Mo17	1	3.370466100737528	TRUE
7	3	37	46.4	6.134938	0.088963	0.530747	1.708681	0.138804	Mo17	1	3.370466100737528	TRUE
7	3	38	46.84	8.118732	0.113638	0.555422	1.938157	8.57e-4	Mo17	1	3.370466100737528	TRUE
7	3	38	47.84	8.53887	0.11945	0.561234	1.975167	0.008526	Mo17	1	3.370466100737528	TRUE
7	3	39	48.57	8.75626	0.121231	0.563015	1.988751	0.005847	Mo17	1	3.370466100737528	TRUE
7	3	39	49.57	9.391322	0.132881	0.574665	2.082882	0.036397	Mo17	1	3.370466100737528	TRUE
7	3	40	50.14	9.138408	0.125727	0.567511	2.025053	0.170759	Mo17	1	3.370466100737528	TRUE
7	3	40	51.14	9.203006	0.127729	0.569513	2.04152	0.153523	Mo17	1	3.370466100737528	TRUE
7	3	41	51.38	9.120198	0.12551	0.567294	2.024853	0.092305	Mo17	1	3.370466100737528	TRUE
7	3	41	52.38	9.75522	0.133778	0.575562	2.073988	0.260389	Mo17	1	3.370466100737528	TRUE
7	3	42	52.78	9.962062	0.136421	0.578205	2.091821	0.169897	Mo17	1	3.370466100737528	TRUE
7	3	43	53.38	9.797602	0.133708	0.575492	2.068057	0.30482	Mo17	1	3.370466100737528	TRUE
7	3	43	54.38	10.646311	0.144116	0.5859	2.135821	0.310769	Mo17	1	3.370466100737528	TRUE
7	3	45	54.55	10.714416	0.144433	0.586217	2.136903	0.270743	Mo17	1	3.370466100737528	TRUE
7	3	46	54.93	10.260471	0.13907	0.580854	2.101488	0.17127	Mo17	1	3.370466100737528	TRUE
7	3	49	55.55	9.101726	0.12551	0.567294	1.982583	0.117665	Mo17	1	3.370466100737528	TRUE
7	3	49	56.55	10.337477	0.140854	0.582638	2.095128	0.138797	Mo17	1	3.370466100737528	TRUE
7	3	50	56.78	10.489576	0.141773	0.583557	2.101081	0.131726	Mo17	1	3.370466100737528	TRUE
7	3	52	57.71	10.315076	0.139648	0.581432	2.086374	0.13484	Mo17	1	3.370466100737528	TRUE
7	3	53	57.85	10.231975	0.138858	0.580642	2.0815	0.143913	Mo17	1	3.370466100737528	TRUE
7	3	53	58.85	10.334652	0.141741	0.583525	2.090619	0.111569	Mo17	1	3.370466100737528	TRUE
7	3	54	59.19	10.153316	0.137818	0.579602	2.06013	0.096003	Mo17	1	3.370466100737528	TRUE
7	3	54	60.19	10.297052	0.14338	0.585164	2.095352	0.204298	Mo17	1	3.370466100737528	TRUE
7	3	54	61.19	9.978619	0.142552	0.584336	2.084694	0.242399	Mo17	1	3.370466100737528	TRUE
7	3	55	61.57	9.308346	0.127763	0.569547	1.969483	2.718755	Mo17	1	3.370466100737528	TRUE
7	3	56	62.35	8.448746	0.11743	0.559214	1.892448	2.59029	Mo17	1	3.370466100737528	TRUE
7	3	58	63.28	8.26428	0.116885	0.558669	1.889578	2.093532	Mo17	1	3.370466100737528	TRUE
7	3	58	64.28	8.535916	0.118394	0.560178	1.911935	1.950207	Mo17	1	3.370466100737528	TRUE
7	3	61	64.31	8.542601	0.11847	0.560254	1.912697	1.948985	Mo17	1	3.370466100737528	TRUE
7	3	61	65.31	8.847777	0.126178	0.567962	1.967401	2.853193	Mo17	1	3.370466100737528	TRUE
7	3	61	66.31	8.971013	0.128871	0.570655	1.981664	3.264263	Mo17	1	3.370466100737528	TRUE
7	3	61	67.31	8.916173	0.1272	0.568984	1.961462	3.085505	Mo17	1	3.370466100737528	TRUE
7	4	47	56.02	3.476955	0.048231	0.550698	1.251	0.529192	Mo17	0	3.370466100737528	TRUE
7	4	47	57.02	3.52607	0.047289	0.549756	1.243503	0.534327	Mo17	0	3.370466100737528	TRUE
7	4	48	57.32	3.563751	0.047426	0.549894	1.248145	0.564156	Mo17	0	3.370466100737528	TRUE
7	4	50	57.66	4.459917	0.05936	0.561827	1.42184	0.417253	Mo17	0	3.370466100737528	TRUE
7	4	51	58.34	4.263303	0.055811	0.558279	1.363216	0.184544	Mo17	0	3.370466100737528	TRUE
7	4	52	58.9	4.274521	0.056089	0.558557	1.366522	0.183065	Mo17	0	3.370466100737528	TRUE
7	4	53	59.51	4.234162	0.056086	0.558553	1.371383	0.802284	Mo17	0	3.370466100737528	TRUE
7	4	55	60.37	6.568086	0.0862	0.588668	1.694768	0.160752	Mo17	0	3.370466100737528	TRUE
7	4	55	61.37	6.860728	0.092239	0.594706	1.753932	0.200997	Mo17	0	3.370466100737528	TRUE
7	4	55	62.37	6.869444	0.09275	0.595217	1.758324	0.23482	Mo17	0	3.370466100737528	TRUE
7	4	55	63.37	6.500405	0.085762	0.588229	1.689221	0.22486	Mo17	0	3.370466100737528	TRUE
7	4	56	63.62	6.346513	0.081084	0.583552	1.640676	0.243553	Mo17	0	3.370466100737528	TRUE
7	4	57	63.74	6.66321	0.084804	0.587272	1.678056	0.266368	Mo17	0	3.370466100737528	TRUE
7	4	58	64.35	6.25876	0.079792	0.582259	1.63171	0.498359	Mo17	0	3.370466100737528	TRUE
7	4	58	65.35	5.701154	0.075222	0.577689	1.573759	0.529971	Mo17	0	3.370466100737528	TRUE
7	4	59	65.53	5.463199	0.070778	0.573246	1.526347	0.53701	Mo17	0	3.370466100737528	TRUE
7	4	60	65.9	4.202735	0.055258	0.557726	1.368523	3.294949	Mo17	0	3.370466100737528	TRUE
7	4	60	66.9	5.389146	0.076191	0.578659	1.619226	5.020749	Mo17	0	3.370466100737528	TRUE
7	4	60	67.9	5.944927	0.079722	0.582189	1.658317	5.408382	Mo17	0	3.370466100737528	TRUE
7	4	61	68.58	6.099975	0.077973	0.58044	1.639544	5.098964	Mo17	0	3.370466100737528	TRUE
7	4	61	69.58	6.389344	0.084715	0.587182	1.706443	5.6966850000000004	Mo17	0	3.370466100737528	TRUE
7	4	62	69.82	6.14556	0.078489	0.580956	1.642772	5.362273	Mo17	0	3.370466100737528	TRUE
7	4	62	70.82	6.254434	0.081888	0.584356	1.67092	6.725499	Mo17	0	3.370466100737528	TRUE
7	4	63	71.53	6.031534	0.077105	0.579573	1.615944	5.997329	Mo17	0	3.370466100737528	TRUE
7	4	63	72.53	5.845809	0.076836	0.579304	1.601629	6.583653	Mo17	0	3.370466100737528	TRUE
7	4	63	73.53	5.496581	0.072934	0.575402	1.547711	6.403654	Mo17	0	3.370466100737528	TRUE
7	5	51	55.82	3.370522	0.042023	0.574524	1.134714	0.129104	Mo17	1	3.370466100737528	TRUE
7	5	51	56.82	4.218997	0.052546	0.585047	1.266823	0.239868	Mo17	1	3.370466100737528	TRUE
7	5	54	57.13	4.41936	0.054246	0.586747	1.286931	0.25274	Mo17	1	3.370466100737528	TRUE
7	5	55	57.53	4.413056	0.054207	0.586708	1.286464	0.253322	Mo17	1	3.370466100737528	TRUE
7	5	55	58.53	3.567735	0.046346	0.578847	1.191233	0.250562	Mo17	1	3.370466100737528	TRUE
8	1	134	146.06	3.404877	0.05491	0.453435	1.805097	9.579124	Mo17	1	3.319347468745106	TRUE
8	1	134	147.06	3.737181	0.06011	0.458635	1.899289	10.820859	Mo17	1	3.319347468745106	TRUE
8	1	135	147.23	3.775317	0.060483	0.459008	1.906591	10.916976	Mo17	1	3.319347468745106	TRUE
8	1	136	147.5	3.762697	0.060385	0.45891	1.905668	11.013282	Mo17	1	3.319347468745106	TRUE
8	1	136	148.5	3.486369	0.05869	0.457215	1.87576	11.297624	Mo17	1	3.319347468745106	TRUE
8	3	9	9.98	3.392858	0.055812	0.43866	-1.795615	4.553489	Mo17	1	3.319347468745106	TRUE
8	3	9	10.98	3.717794	0.064931	0.447779	-1.928158	4.878088	Mo17	1	3.319347468745106	TRUE
8	3	9	11.98	3.819885	0.068047	0.450895	-1.969776	5.396713	Mo17	1	3.319347468745106	TRUE
8	3	11	12.61	3.757865	0.067174	0.450022	-1.955263	5.935296	Mo17	1	3.319347468745106	TRUE
8	3	12	13.08	4.743511	0.076550000000000007	0.459398	-2.080205	10.815957	Mo17	1	3.319347468745106	TRUE
8	3	12	14.08	4.382287	0.073194	0.456042	-2.034828	10.145745	Mo17	1	3.319347468745106	TRUE
8	3	12	15.08	3.83857	0.064119	0.446967	-1.903689	8.640792	Mo17	1	3.319347468745106	TRUE
8	3	13	15.33	3.661234	0.060034	0.442882	-1.841583	8.0561	Mo17	1	3.319347468745106	TRUE
8	3	80	88.36	5.395841	0.089492	0.450405	-2.248547	12.6767	Mo17	1	3.319347468745106	TRUE
8	3	81	89.26	5.60499	0.092665	0.453578	-2.278627	11.449969	Mo17	1	3.319347468745106	TRUE
8	3	81	90.26	5.935357	0.10094499999999999	0.461858	-2.376968	11.522044	Mo17	1	3.319347468745106	TRUE
8	3	82	90.67	5.885574	0.09823	0.459143	-2.346772	10.844644	Mo17	1	3.319347468745106	TRUE
8	3	82	91.67	6.300937	0.105326	0.466238	-2.429733	11.864111	Mo17	1	3.319347468745106	TRUE
8	3	83	92.41	6.418766	0.104939	0.465851	-2.425706	11.349851	Mo17	1	3.319347468745106	TRUE
8	3	83	93.41	6.181417	0.103147	0.464059	-2.401029	10.670875	Mo17	1	3.319347468745106	TRUE
8	3	84	93.65	5.991325	0.098459	0.459372	-2.3454	10.036022000000001	Mo17	1	3.319347468745106	TRUE
8	3	84	94.65	6.009529	0.10102	0.461933	-2.374777	9.604148	Mo17	1	3.319347468745106	TRUE
8	3	85	94.89	5.860919	0.096459	0.457372	-2.320039	8.828185	Mo17	1	3.319347468745106	TRUE
8	3	86	95.82	6.118789	0.100364	0.461277	-2.373947	10.501118	Mo17	1	3.319347468745106	TRUE
8	3	87	96.75	5.214614	0.086628	0.447541	-2.216733	9.48098	Mo17	1	3.319347468745106	TRUE
8	3	87	97.75	5.195558	0.086418	0.44733	-2.217174	9.463446	Mo17	1	3.319347468745106	TRUE
8	3	88	97.78	5.204078	0.086527	0.44744	-2.218376	9.455546	Mo17	1	3.319347468745106	TRUE
8	3	89	98.43	5.951536	0.097885	0.458798	-2.35151	9.631813	Mo17	1	3.319347468745106	TRUE
8	3	90	99.22	5.995269	0.098514	0.459427	-2.364886	10.820412	Mo17	1	3.319347468745106	TRUE
8	3	90	100.22	5.544726	0.094676	0.455589	-2.319503	10.32938	Mo17	1	3.319347468745106	TRUE
8	3	92	100.57	5.247016	0.088362	0.449275	-2.243037	10.304982	Mo17	1	3.319347468745106	TRUE
8	3	92	101.57	4.935788	0.087908	0.448821	-2.250625	10.806745	Mo17	1	3.319347468745106	TRUE
8	3	93	102.36	4.076612	0.068837	0.42975	-2.005311	16.505427	Mo17	1	3.319347468745106	TRUE
8	3	93	103.36	4.092491	0.074676	0.435589	-2.085183	17.800963	Mo17	1	3.319347468745106	TRUE
8	3	93	104.36	3.479117	0.065935	0.426847	-1.952127	22.253647	Mo17	1	3.319347468745106	TRUE
8	5	41	47.07	3.591612	0.06114	0.422065	1.847375	5.995179	Mo17	1	3.319347468745106	TRUE
8	5	41	48.07	5.118975	0.086763	0.447687	2.202427	7.793878	Mo17	1	3.319347468745106	TRUE
8	5	42	48.32	5.359651	0.088812	0.449736	2.228985	8.033945	Mo17	1	3.319347468745106	TRUE
8	5	42	49.32	4.927853	0.082859	0.443784	2.150747	7.406789	Mo17	1	3.319347468745106	TRUE
8	5	43	49.57	4.80701	0.080657	0.441582	2.122162	6.899866	Mo17	1	3.319347468745106	TRUE
8	5	44	50.51	5.386302	0.089396	0.450321	2.234613	7.191809	Mo17	1	3.319347468745106	TRUE
8	5	45	51.44	5.868742	0.096598	0.457522	2.332423	8.199855	Mo17	1	3.319347468745106	TRUE
8	5	47	52.36	5.995337	0.098486	0.459411	2.350763	10.821396	Mo17	1	3.319347468745106	TRUE
8	5	47	53.36	5.753553	0.096639	0.457563	2.330295	10.786099	Mo17	1	3.319347468745106	TRUE
8	5	47	54.36	5.368458	0.090416	0.45134	2.256906	10.403103	Mo17	1	3.319347468745106	TRUE
8	5	48	54.69	5.19128	0.086197	0.447121	2.205591	10.305429	Mo17	1	3.319347468745106	TRUE
8	5	49	54.94	5.19	0.086231	0.447155	2.205995	10.28626	Mo17	1	3.319347468745106	TRUE
8	5	51	55.82	4.866462	0.081793	0.442718	2.150345	9.135053	Mo17	1	3.319347468745106	TRUE
8	5	51	56.82	4.547772	0.079245	0.440169	2.123029	9.44832	Mo17	1	3.319347468745106	TRUE
8	5	54	57.13	4.249359	0.071468	0.432393	2.021071	10.038557	Mo17	1	3.319347468745106	TRUE
8	5	55	57.53	4.2441700000000004	0.071411	0.432336	2.020253	10.041033	Mo17	1	3.319347468745106	TRUE
8	5	55	58.53	3.642474	0.06266	0.423585	1.891132	9.704392	Mo17	1	3.319347468745106	TRUE
8	5	56	58.82	3.428599	0.058344	0.419268	1.824641	9.176872	Mo17	1	3.319347468745106	TRUE
8	5	56	59.82	3.378031	0.05845	0.419374	1.821712	9.90809	Mo17	1	3.319347468745106	TRUE
8	5	57	59.93	3.353335	0.057979	0.418904	1.81408	9.886936	Mo17	1	3.319347468745106	TRUE
9	1	33	35.87	3.233763	0.043571	0.55569	-2.240196	5.724256	Mo17	1	3.2053082522145404	TRUE
9	1	36	36.5	3.465967	0.045024	0.557142	-2.279292	5.581844	Mo17	1	3.2053082522145404	TRUE
9	1	36	37.5	3.642108	0.047868	0.559987	-2.340696	5.884128	Mo17	1	3.2053082522145404	TRUE
9	1	37	37.86	3.652392	0.047646	0.559764	-2.333729	5.765993	Mo17	1	3.2053082522145404	TRUE
9	1	37	38.86	3.616261	0.046951	0.55907	-2.326434	6.214067	Mo17	1	3.2053082522145404	TRUE
9	1	38	38.95	3.612181	0.046822	0.55894	-2.32397	6.2174	Mo17	1	3.2053082522145404	TRUE
9	1	40	39.81	3.684999	0.048643	0.560761	-2.355904	6.464793	Mo17	1	3.2053082522145404	TRUE
9	1	132	145.3	3.718655	0.056528	0.50391300000000006	2.521923	5.147094	Mo17	1	3.2053082522145404	TRUE
9	1	134	146.06	4.085513	0.060101	0.507486	2.610546	5.559317	Mo17	1	3.2053082522145404	TRUE
9	1	134	147.06	4.400038	0.064834	0.512219	2.721545	6.46477	Mo17	1	3.2053082522145404	TRUE
9	1	135	147.23	4.440651	0.065294	0.512679	2.732715	6.520629	Mo17	1	3.2053082522145404	TRUE
9	1	136	147.5	4.4326	0.065329	0.512714	2.73416	6.565939	Mo17	1	3.2053082522145404	TRUE
9	1	136	148.5	4.282324	0.066008	0.513393	2.74475	6.714761	Mo17	1	3.2053082522145404	TRUE
9	1	136	149.5	4.011223	0.063163	0.510548	2.682607	6.497085	Mo17	1	3.2053082522145404	TRUE
9	1	136	150.5	3.61242	0.056022	0.503407	2.52564	5.833859	Mo17	1	3.2053082522145404	TRUE
9	1	137	151.15	3.28921	0.048868	0.496253	2.359819	5.298946	Mo17	1	3.2053082522145404	TRUE
9	1	159	174.9	3.28282	0.048369	0.514766	2.365518	7.319104	Mo17	1	3.2053082522145404	TRUE
9	1	159	175.9	3.266043	0.047727	0.514124	2.347619	6.911599	Mo17	1	3.2053082522145404	TRUE
9	3	7	7.63	3.629297	0.054511	0.493079	-2.429762	1.98928	Mo17	1	3.2053082522145404	TRUE
9	3	8	8.09	3.805447	0.056601	0.495169	-2.475771	1.934452	Mo17	1	3.2053082522145404	TRUE
9	3	8	9.09	4.017168	0.060768	0.499336	-2.572642	2.103975	Mo17	1	3.2053082522145404	TRUE
9	3	9	9.98	4.060887	0.060231	0.498799	-2.565476	2.152265	Mo17	1	3.2053082522145404	TRUE
9	3	9	10.98	4.440686	0.070278	0.508846	-2.755835	2.35853	Mo17	1	3.2053082522145404	TRUE
9	3	9	11.98	4.48971	0.071997	0.510564	-2.785789	2.996422	Mo17	1	3.2053082522145404	TRUE
9	3	11	12.61	4.313053	0.067622	0.506189	-2.702042	4.012876	Mo17	1	3.2053082522145404	TRUE
9	3	12	13.08	5.026939	0.073515	0.512083	-2.810466	6.441999	Mo17	1	3.2053082522145404	TRUE
9	3	12	14.08	4.531989	0.068618	0.507185	-2.714842	5.897743	Mo17	1	3.2053082522145404	TRUE
9	3	12	15.08	3.876356	0.05859	0.497157	-2.50819	4.900905	Mo17	1	3.2053082522145404	TRUE
9	3	13	15.33	3.685983	0.054934	0.493502	-2.428834	4.563972	Mo17	1	3.2053082522145404	TRUE
9	3	80	88.36	6.573978	0.099805	0.506683	-3.274051	4.500268	Mo17	1	3.2053082522145404	TRUE
9	3	81	89.26	6.188931	0.094215	0.501094	-3.167924	3.4342	Mo17	1	3.2053082522145404	TRUE
9	3	81	90.26	6.452916	0.102765	0.509644	-3.307073	4.137994	Mo17	1	3.2053082522145404	TRUE
9	3	82	90.67	6.131771	0.094192	0.50107	-3.168644	6.051404	Mo17	1	3.2053082522145404	TRUE
9	3	82	91.67	6.543118	0.101817	0.508695	-3.293254	6.400266	Mo17	1	3.2053082522145404	TRUE
9	3	83	92.41	6.537766	0.098975	0.505853	-3.248104	5.819091	Mo17	1	3.2053082522145404	TRUE
9	3	83	93.41	6.467112	0.098597	0.505476	-3.236489	6.078362	Mo17	1	3.2053082522145404	TRUE
9	3	84	93.65	6.396647	0.096999	0.503878	-3.209726	5.904487	Mo17	1	3.2053082522145404	TRUE
9	3	84	94.65	6.198242	0.095741	0.50262	-3.187303	5.138434	Mo17	1	3.2053082522145404	TRUE
9	3	85	94.89	6.056702	0.092291	0.499169	-3.128944	4.624384	Mo17	1	3.2053082522145404	TRUE
9	3	86	95.82	6.666586	0.10073	0.507609	-3.279136	5.668962	Mo17	1	3.2053082522145404	TRUE
9	3	87	96.75	5.82734	0.089154	0.496032	-3.100657	5.422946	Mo17	1	3.2053082522145404	TRUE
9	3	87	97.75	5.917961	0.090505	0.497384	-3.128165	6.293381	Mo17	1	3.2053082522145404	TRUE
9	3	88	97.78	5.933003	0.090718	0.497597	-3.131541	6.332524	Mo17	1	3.2053082522145404	TRUE
9	3	89	98.43	6.947991	0.104606	0.511485	-3.351439	6.484425	Mo17	1	3.2053082522145404	TRUE
9	3	90	99.22	5.864568	0.089603	0.496482	-3.1097	5.659604	Mo17	1	3.2053082522145404	TRUE
9	3	90	100.22	5.576133	0.087935	0.494814	-3.082594	4.890636	Mo17	1	3.2053082522145404	TRUE
9	3	92	100.57	5.367913	0.083812	0.49069	-3.012291	4.651685	Mo17	1	3.2053082522145404	TRUE
9	3	92	101.57	4.874787	0.079545	0.486423	-2.949945	4.441879	Mo17	1	3.2053082522145404	TRUE
9	3	93	102.36	4.096821	0.064171	0.47105	-2.669457	5.118474	Mo17	1	3.2053082522145404	TRUE
9	3	93	103.36	4.253254	0.071738	0.478617	-2.816841	6.03825	Mo17	1	3.2053082522145404	TRUE
9	3	93	104.36	3.786435	0.064912	0.471791	-2.670712	8.89107	Mo17	1	3.2053082522145404	TRUE
9	3	94	104.56	3.510909	0.055466	0.462344	-2.466624	14.769366	Mo17	1	3.2053082522145404	TRUE
9	3	95	104.9	3.673275	0.058265	0.465143	-2.531579	15.148188	Mo17	1	3.2053082522145404	TRUE
9	5	37	39.29	3.6889	0.063619	0.415082	2.61251	5.268395	Mo17	1	3.2053082522145404	TRUE
9	5	37	40.29	4.064678	0.072469	0.423932	2.785395	5.342766	Mo17	1	3.2053082522145404	TRUE
9	5	37	41.29	4.330713	0.076737	0.4282	2.866008	5.506318	Mo17	1	3.2053082522145404	TRUE
9	5	37	42.29	4.507279	0.077966	0.429429	2.890131	5.484926	Mo17	1	3.2053082522145404	TRUE
9	5	38	42.84	4.576138	0.077807	0.42927	2.888279	5.399437	Mo17	1	3.2053082522145404	TRUE
9	5	38	43.84	4.931579	0.086203	0.437666	3.033096	5.959154	Mo17	1	3.2053082522145404	TRUE
9	5	39	44.65	5.075224	0.087579	0.439043	3.056892	5.593079	Mo17	1	3.2053082522145404	TRUE
9	5	39	45.65	5.346604	0.091404	0.442867	3.122307	5.607156	Mo17	1	3.2053082522145404	TRUE
9	5	40	46.18	5.487229	0.093125	0.444588	3.151081	5.611393	Mo17	1	3.2053082522145404	TRUE
9	5	41	47.07	6.496004	0.108167	0.45963	3.388004	5.523813	Mo17	1	3.2053082522145404	TRUE
9	5	41	48.07	9.024354	0.147195	0.498659	3.954876	6.49606	Mo17	1	3.2053082522145404	TRUE
9	5	42	48.32	9.326343	0.148664	0.500127	3.975127	6.593079	Mo17	1	3.2053082522145404	TRUE
9	5	42	49.32	8.541972	0.139117	0.49058	3.841952	6.469802	Mo17	1	3.2053082522145404	TRUE
9	5	43	49.57	8.289214	0.134433	0.485896	3.777231	6.041157	Mo17	1	3.2053082522145404	TRUE
9	5	44	50.51	8.939187	0.143423	0.494887	3.90249	6.596977	Mo17	1	3.2053082522145404	TRUE
9	5	45	51.44	9.303435	0.148367	0.49983	3.986759	6.885248	Mo17	1	3.2053082522145404	TRUE
9	5	47	52.36	10.198204	0.160678	0.512141	4.141634	6.448067	Mo17	1	3.2053082522145404	TRUE
9	5	47	53.36	10.029993	0.161121	0.512584	4.152361	6.539144	Mo17	1	3.2053082522145404	TRUE
9	5	47	54.36	9.609412	0.155002	0.506465	4.080451	6.125792	Mo17	1	3.2053082522145404	TRUE
9	5	48	54.69	9.370806	0.149247	0.50071	4.009585	5.96554	Mo17	1	3.2053082522145404	TRUE
9	5	49	54.94	9.370235	0.149288	0.500751	4.010119	5.95825	Mo17	1	3.2053082522145404	TRUE
9	5	51	55.82	9.136064	0.146474	0.497937	3.979727	6.033131	Mo17	1	3.2053082522145404	TRUE
9	5	51	56.82	8.700283	0.142574	0.494037	3.937964	5.648937	Mo17	1	3.2053082522145404	TRUE
9	5	54	57.13	8.369874	0.1351	0.486563	3.842404	5.574093	Mo17	1	3.2053082522145404	TRUE
9	5	55	57.53	8.364327	0.135049	0.486513	3.841652	5.58438	Mo17	1	3.2053082522145404	TRUE
9	5	55	58.53	7.694864	0.12653	0.477993	3.715571	6.377814	Mo17	1	3.2053082522145404	TRUE
9	5	56	58.82	7.433771	0.121534	0.472997	3.64118	6.118658	Mo17	1	3.2053082522145404	TRUE
9	5	56	59.82	7.21126	0.119664	0.471127	3.603134	7.454387	Mo17	1	3.2053082522145404	TRUE
9	5	57	59.93	7.173293	0.119155	0.470618	3.595117	7.498456	Mo17	1	3.2053082522145404	TRUE
9	5	57	60.93	6.11259	0.102317	0.45378	3.327391	6.499811	Mo17	1	3.2053082522145404	TRUE
9	5	59	60.99	6.043518	0.100764	0.452227	3.301578	6.324049	Mo17	1	3.2053082522145404	TRUE
9	5	59	61.99	6.115362	0.105685	0.457149	3.370544	6.943302	Mo17	1	3.2053082522145404	TRUE
