Joint_Bin	Joint_Bin_Name	Chr	consensus
1	JB-1	1	6.11
2	JB-2	1	7.580000000000001
3	JB-3	1	8.51
4	JB-4	1	9.84
6	JB-6	1	13.209999999999999
7	JB-7	1	14.139999999999999
9	JB-9	1	16.23
10	JB-10	1	17.89
11	JB-11	1	19.31
12	JB-12	1	22.59
13	JB-13	1	23.580000000000002
14	JB-14	1	25.48
15	JB-15	1	30.1
16	JB-16	1	30.43
17	JB-17	1	32.95
19	JB-19	1	35.150000000000006
20	JB-20	1	36.42000000000001
21	JB-21	1	38.31000000000001
23	JB-23	1	42.22000000000001
24	JB-24	1	43.58000000000001
25	JB-25	1	44.67000000000001
26	JB-26	1	45.53000000000001
27	JB-27	1	45.60000000000001
28	JB-28	1	49.17000000000001
29	JB-29	1	51.30000000000001
30	JB-30	1	54.180000000000014
31	JB-31	1	54.320000000000014
32	JB-32	1	55.99000000000001
33	JB-33	1	57.070000000000014
34	JB-34	1	58.96000000000001
35	JB-35	1	59.91000000000001
36	JB-36	1	60.60000000000001
37	JB-37	1	60.680000000000014
38	JB-38	1	61.63000000000001
39	JB-39	1	63.930000000000014
40	JB-40	1	66.51000000000002
41	JB-41	1	68.81000000000002
42	JB-42	1	68.87000000000002
43	JB-43	1	71.410000000000025
44	JB-44	1	72.65000000000002
45	JB-45	1	73.93000000000002
46	JB-46	1	74.17000000000002
47	JB-47	1	75.54000000000002
48	JB-48	1	76.47000000000001
49	JB-49	1	77.39000000000001
50	JB-50	1	78.01000000000002
52	JB-52	1	80.37000000000002
53	JB-53	1	81.54000000000002
54	JB-54	1	82.69000000000001
55	JB-55	1	83.93000000000002
56	JB-56	1	84.85000000000002
57	JB-57	1	87.35000000000002
58	JB-58	1	87.70000000000002
59	JB-59	1	88.62000000000002
60	JB-60	1	89.45000000000002
61	JB-61	1	89.910000000000025
63	JB-63	1	94.03000000000002
64	JB-64	1	96.42000000000002
65	JB-65	1	98.14000000000003
66	JB-66	1	100.52000000000002
67	JB-67	1	102.53000000000002
68	JB-68	1	102.78000000000002
69	JB-69	1	103.53000000000002
70	JB-70	1	103.93000000000002
71	JB-71	1	106.41000000000003
72	JB-72	1	107.34000000000002
73	JB-73	1	108.54000000000002
74	JB-74	1	111.13000000000002
75	JB-75	1	112.05000000000003
76	JB-76	1	112.98000000000002
78	JB-78	1	117.36000000000003
79	JB-79	1	118.61000000000003
80	JB-80	1	121.50000000000003
82	JB-82	1	124.62000000000002
83	JB-83	1	126.18000000000002
84	JB-84	1	127.75000000000003
85	JB-85	1	128.85000000000002
86	JB-86	1	129.92000000000002
87	JB-87	1	130.84000000000003
88	JB-88	1	131.77000000000004
89	JB-89	1	133.01000000000005
90	JB-90	1	133.94000000000005
91	JB-91	1	134.86000000000007
92	JB-92	1	135.79000000000008
93	JB-93	1	137.62000000000006
94	JB-94	1	137.70000000000007
95	JB-95	1	138.68000000000006
96	JB-96	1	141.17000000000007
97	JB-97	1	143.37000000000006
98	JB-98	1	143.52000000000007
99	JB-99	1	143.70000000000007
100	JB-100	1	145.57000000000008
101	JB-101	1	147.46000000000006
102	JB-102	1	149.02000000000007
103	JB-103	1	151.78000000000006
105	JB-105	1	153.22
107	JB-107	1	158.78
108	JB-108	1	160.13
109	JB-109	1	161.36999999999998
110	JB-110	1	162.29999999999998
111	JB-111	1	163.38
112	JB-112	1	164.47
113	JB-113	1	165.91
114	JB-114	1	166.95
115	JB-115	1	168
116	JB-116	1	169.75
117	JB-117	1	172.26
118	JB-118	1	172.34
119	JB-119	1	174.25
120	JB-120	1	174.32
121	JB-121	1	175.84
122	JB-122	1	177.07999999999998
124	JB-124	1	178.92999999999998
125	JB-125	1	179.61999999999998
126	JB-126	1	182.32999999999998
127	JB-127	1	183.57999999999998
130	JB-130	1	186.60999999999999
131	JB-131	1	188.35
133	JB-133	1	191
135	JB-135	2	2.4999999999999996
137	JB-137	2	3.66
138	JB-138	2	5.02
139	JB-139	2	6.84
142	JB-142	2	8.24
143	JB-143	2	8.34
144	JB-144	2	14.89
146	JB-146	2	15.260000000000002
147	JB-147	2	15.39
148	JB-148	2	17.560000000000002
150	JB-150	2	29.89
152	JB-152	2	31.95
153	JB-153	2	33.19
154	JB-154	2	34.11
155	JB-155	2	35.55
156	JB-156	2	36.2
160	JB-160	2	38.69
163	JB-163	2	40.14
165	JB-165	2	42.699999999999996
166	JB-166	2	43.129999999999995
168	JB-168	2	45.65
172	JB-172	2	47.37
176	JB-176	2	54.39000000000001
178	JB-178	2	55.550000000000004
179	JB-179	2	55.71
180	JB-180	2	57.050000000000004
181	JB-181	2	60.59
183	JB-183	2	61.5
185	JB-185	2	64.4
190	JB-190	2	68.96000000000001
192	JB-192	2	70.91000000000001
193	JB-193	2	71.36000000000001
194	JB-194	2	72.21000000000001
196	JB-196	2	75.96000000000001
197	JB-197	2	76.41000000000001
198	JB-198	2	76.86000000000001
201	JB-201	2	77.77000000000001
202	JB-202	2	78.2
204	JB-204	2	79.13000000000001
205	JB-205	2	80.69000000000001
206	JB-206	2	82.18
207	JB-207	2	82.89000000000001
208	JB-208	2	84.07000000000001
210	JB-210	2	85.83000000000001
211	JB-211	2	87.76
212	JB-212	2	88.69000000000001
213	JB-213	2	89.93
214	JB-214	2	90.9
219	JB-219	2	93.4
220	JB-220	2	94.75
224	JB-224	2	97.85
225	JB-225	2	101.75
226	JB-226	2	102.05
228	JB-228	2	103.61999999999999
229	JB-229	2	104.53999999999999
230	JB-230	2	106.71
231	JB-231	2	107.50999999999999
232	JB-232	2	109.11999999999999
233	JB-233	2	110.66999999999999
237	JB-237	2	113.16999999999999
240	JB-240	2	115.96
242	JB-242	2	118.19999999999997
244	JB-244	2	119.02999999999997
245	JB-245	2	120.34999999999997
246	JB-246	2	121.49999999999997
247	JB-247	2	122.07999999999997
249	JB-249	2	123.46999999999998
250	JB-250	2	125.87999999999998
251	JB-251	2	127.07999999999998
252	JB-252	2	127.17999999999996
253	JB-253	2	129.70999999999998
255	JB-255	2	130.23999999999995
257	JB-257	2	132.72999999999996
261	JB-261	2	136.05999999999995
265	JB-265	2	138.06999999999994
267	JB-267	2	142.09999999999994
270	JB-270	2	142.88999999999996
273	JB-273	2	144.86999999999995
274	JB-274	2	145.38999999999996
286	JB-286	2	154.68
290	JB-290	2	157.1
291	JB-291	2	157.88000000000002
293	JB-293	2	162.52
297	JB-297	2	165.6
299	JB-299	2	166.12
300	JB-300	2	167.42000000000002
301	JB-301	2	167.52
302	JB-302	2	168.63
304	JB-304	3	1.3499999999999999
306	JB-306	3	2.38
307	JB-307	3	9.43
308	JB-308	3	13.95
309	JB-309	3	14.419999999999998
311	JB-311	3	18.24
314	JB-314	3	21.049999999999997
315	JB-315	3	21.990000000000002
316	JB-316	3	22.65
317	JB-317	3	23.39
318	JB-318	3	28.259999999999998
319	JB-319	3	29.67
322	JB-322	3	32.38
323	JB-323	3	32.47
326	JB-326	3	35.5
327	JB-327	3	36.88
329	JB-329	3	38.38
331	JB-331	3	41.800000000000004
332	JB-332	3	42.13
333	JB-333	3	43.050000000000004
334	JB-334	3	44.080000000000005
335	JB-335	3	46.07
336	JB-336	3	46.34
338	JB-338	3	48.18
341	JB-341	3	49.91
342	JB-342	3	51.48
347	JB-347	3	52.72
352	JB-352	3	54.72
353	JB-353	3	55.89
354	JB-354	3	55.94
356	JB-356	3	56.89
357	JB-357	3	56.94
358	JB-358	3	57.34
360	JB-360	3	58.45
361	JB-361	3	59.050000000000004
362	JB-362	3	59.15
365	JB-365	3	60.53
366	JB-366	3	62.91
368	JB-368	3	63.69
369	JB-369	3	64.61999999999999
370	JB-370	3	65.64999999999999
371	JB-371	3	69.44999999999999
372	JB-372	3	69.89999999999999
373	JB-373	3	73.44999999999999
377	JB-377	3	76.53999999999999
382	JB-382	3	79.92999999999999
383	JB-383	3	80.55
384	JB-384	3	81.31000000000002
389	JB-389	3	84.36999999999999
392	JB-392	3	86.51999999999998
393	JB-393	3	87.93999999999998
395	JB-395	3	89.69999999999999
396	JB-396	3	90.59999999999998
398	JB-398	3	93.74999999999999
399	JB-399	3	96.22999999999999
401	JB-401	3	98.08999999999999
402	JB-402	3	98.78999999999998
403	JB-403	3	99.76999999999998
405	JB-405	3	100.55999999999999
409	JB-409	3	101.90999999999998
410	JB-410	3	103.69999999999999
412	JB-412	3	105.89999999999999
413	JB-413	3	106.23999999999998
419	JB-419	3	110.04999999999998
423	JB-423	3	112.96999999999998
424	JB-424	3	113.76999999999998
425	JB-425	3	115.00999999999999
426	JB-426	3	116.57999999999998
430	JB-430	3	129.37
432	JB-432	3	130.56
435	JB-435	3	132.84
436	JB-436	3	133.98
438	JB-438	3	135.17000000000002
439	JB-439	3	136.25000000000003
440	JB-440	3	136.94000000000003
443	JB-443	3	139.29
445	JB-445	3	142.42
446	JB-446	3	143.66
449	JB-449	3	145.10999999999999
450	JB-450	3	146.91
451	JB-451	3	148.23999999999998
452	JB-452	4	0.36999999999999655
453	JB-453	4	0.8199999999999965
454	JB-454	4	2.239999999999999
455	JB-455	4	3.7599999999999985
457	JB-457	4	5.019999999999998
458	JB-458	4	8.939999999999998
460	JB-460	4	12.489999999999998
461	JB-461	4	14.379999999999999
463	JB-463	4	16.93
464	JB-464	4	18.299999999999997
465	JB-465	4	22.619999999999997
467	JB-467	4	25.79
468	JB-468	4	26.839999999999996
469	JB-469	4	27.769999999999996
471	JB-471	4	29.39
473	JB-473	4	32.83
474	JB-474	4	33.839999999999996
475	JB-475	4	35.51
477	JB-477	4	38.53999999999999
480	JB-480	4	42.029999999999994
482	JB-482	4	43.949999999999996
483	JB-483	4	45.08
484	JB-484	4	46.13
489	JB-489	4	48.07999999999999
490	JB-490	4	49.10999999999999
491	JB-491	4	49.959999999999994
496	JB-496	4	54.01
498	JB-498	4	56.75
499	JB-499	4	57.65
501	JB-501	4	58.33
505	JB-505	4	59.669999999999995
507	JB-507	4	60.36
508	JB-508	4	61.52
509	JB-509	4	63.61
510	JB-510	4	63.730000000000004
511	JB-511	4	65.52
512	JB-512	4	65.89
513	JB-513	4	68.57000000000001
518	JB-518	4	71.52
521	JB-521	4	74.03
523	JB-523	4	75.77
524	JB-524	4	76.89999999999999
525	JB-525	4	76.97
526	JB-526	4	78.58
528	JB-528	4	81.69999999999999
529	JB-529	4	82.63
530	JB-530	4	83.86999999999999
531	JB-531	4	88.17999999999999
532	JB-532	4	88.5
534	JB-534	4	89.55999999999999
535	JB-535	4	90.19
537	JB-537	4	91.25999999999999
539	JB-539	4	92.96
540	JB-540	4	93.05
542	JB-542	4	94.03
544	JB-544	4	95.28
545	JB-545	4	96.17
548	JB-548	4	97.52
549	JB-549	4	98.85
551	JB-551	4	101.02
555	JB-555	4	104.53999999999999
558	JB-558	4	105.21000000000001
559	JB-559	4	107.62
560	JB-560	4	108.97
562	JB-562	4	109.91
563	JB-563	4	110.85
564	JB-564	4	112.28
565	JB-565	4	113.97999999999999
569	JB-569	4	116.77999999999999
572	JB-572	4	120.58
573	JB-573	4	121.00999999999999
574	JB-574	4	121.27999999999999
578	JB-578	4	127.93
580	JB-580	4	130.11
581	JB-581	4	131.88
582	JB-582	4	132.03
583	JB-583	4	132.75
584	JB-584	4	132.8
585	JB-585	4	134.46
587	JB-587	4	135.71
588	JB-588	4	136.21
589	JB-589	5	20.439999999999998
590	JB-590	5	21.68
591	JB-591	5	23.24
592	JB-592	5	25.29
594	JB-594	5	26.89
595	JB-595	5	28.13
598	JB-598	5	29.86
599	JB-599	5	31.41
600	JB-600	5	32.31
601	JB-601	5	33.239999999999995
602	JB-602	5	35.980000000000004
603	JB-603	5	37.36
605	JB-605	5	38.91
606	JB-606	5	40.17
607	JB-607	5	41.11
609	JB-609	5	41.78999999999999
610	JB-610	5	45.47
612	JB-612	5	47.30999999999999
615	JB-615	5	50.980000000000004
617	JB-617	5	52.17
618	JB-618	5	53.099999999999994
619	JB-619	5	53.89
622	JB-622	5	57.230000000000004
626	JB-626	5	59.72
627	JB-627	5	59.78
632	JB-632	5	63.72
633	JB-633	5	65.08
638	JB-638	5	67.49999999999999
639	JB-639	5	68.74999999999999
640	JB-640	5	69.99999999999999
642	JB-642	5	71.86999999999999
643	JB-643	5	72.78999999999998
645	JB-645	5	75.11999999999998
646	JB-646	5	76.64999999999999
648	JB-648	5	77.96
650	JB-650	5	80.35999999999999
651	JB-651	5	81.13999999999999
654	JB-654	5	83.01999999999998
655	JB-655	5	84.04999999999998
657	JB-657	5	86.87999999999998
661	JB-661	5	90.09999999999998
664	JB-664	5	90.77999999999999
665	JB-665	5	93.05999999999997
667	JB-667	5	94.42999999999998
670	JB-670	5	96.11
673	JB-673	5	97.35
674	JB-674	5	97.97
675	JB-675	5	100.64999999999999
676	JB-676	5	101.73
678	JB-678	5	103.38
679	JB-679	5	104.07
680	JB-680	5	104.69
681	JB-681	5	105.61999999999999
683	JB-683	5	106.92999999999999
684	JB-684	5	107.33
687	JB-687	5	119.07000000000002
688	JB-688	5	120.18000000000002
689	JB-689	5	122.89000000000001
690	JB-690	5	123.81000000000002
692	JB-692	5	125.53000000000002
693	JB-693	5	126.93000000000002
694	JB-694	5	128.87
695	JB-695	5	129.39999999999998
697	JB-697	5	131.36999999999998
699	JB-699	5	133.83999999999997
700	JB-700	5	134.36999999999998
702	JB-702	5	137.01999999999995
705	JB-705	5	139.41999999999996
706	JB-706	5	139.87999999999994
708	JB-708	5	143.35999999999996
710	JB-710	5	145.64999999999998
711	JB-711	5	146.58999999999997
713	JB-713	5	148.02999999999997
714	JB-714	5	148.92
715	JB-715	5	150.53
717	JB-717	5	152.75
720	JB-720	5	156.45
722	JB-722	5	158.07
723	JB-723	5	159.31
724	JB-724	5	160.74
725	JB-725	5	160.91
726	JB-726	6	0.9999999999999999
727	JB-727	6	1.63
728	JB-728	6	3.22
730	JB-730	6	7.23
732	JB-732	6	8.59
733	JB-733	6	9.350000000000003
735	JB-735	6	10.72
736	JB-736	6	11.12
737	JB-737	6	11.59
738	JB-738	6	11.73
741	JB-741	6	15.09
742	JB-742	6	16.34
743	JB-743	6	17.580000000000002
744	JB-744	6	20.35
745	JB-745	6	23.28
746	JB-746	6	24.2
747	JB-747	6	26.04
750	JB-750	6	28.32
752	JB-752	6	33.33
753	JB-753	6	35.01
754	JB-754	6	38.04
756	JB-756	6	41.03
757	JB-757	6	43.07
758	JB-758	6	44.15
759	JB-759	6	45.87
760	JB-760	6	48.37
761	JB-761	6	48.480000000000004
762	JB-762	6	49.39
763	JB-763	6	50.37
764	JB-764	6	51.28
765	JB-765	6	53.410000000000004
766	JB-766	6	55.07
767	JB-767	6	55.81000000000001
769	JB-769	6	58.89000000000001
771	JB-771	6	60.74000000000001
772	JB-772	6	61.99000000000001
774	JB-774	6	63.40999999999999
775	JB-775	6	64.33999999999999
777	JB-777	6	65.57999999999998
778	JB-778	6	67.02
779	JB-779	6	68.91
780	JB-780	6	70.46999999999998
782	JB-782	6	73.35
783	JB-783	6	73.50999999999999
784	JB-784	6	74.82999999999998
785	JB-785	6	76.49999999999999
787	JB-787	6	78.22999999999999
788	JB-788	6	79.5
789	JB-789	6	80.75999999999999
791	JB-791	6	83.77999999999999
794	JB-794	6	86.61999999999999
795	JB-795	6	86.72999999999999
796	JB-796	6	88.21999999999998
797	JB-797	6	88.82999999999998
798	JB-798	6	89.94999999999999
799	JB-799	6	90.68999999999998
800	JB-800	6	92.34999999999998
801	JB-801	6	92.6
802	JB-802	6	93.50999999999999
804	JB-804	6	94.76
805	JB-805	6	97.55
806	JB-806	6	98.79
807	JB-807	7	0
808	JB-808	7	0.040000000000000036
809	JB-809	7	2.87
810	JB-810	7	7.879999999999999
811	JB-811	7	10.4
812	JB-812	7	15.229999999999999
813	JB-813	7	18.130000000000003
814	JB-814	7	18.53
815	JB-815	7	20.400000000000002
817	JB-817	7	22.270000000000003
818	JB-818	7	23.19
819	JB-819	7	24.44
820	JB-820	7	25.680000000000003
821	JB-821	7	27.57
823	JB-823	7	30.310000000000002
824	JB-824	7	33.260000000000005
825	JB-825	7	33.35
827	JB-827	7	35.190000000000005
828	JB-828	7	35.63
829	JB-829	7	37.42
830	JB-830	7	37.77
831	JB-831	7	41.45
832	JB-832	7	45.46
834	JB-834	7	51.21
835	JB-835	7	53.160000000000004
836	JB-836	7	53.42
837	JB-837	7	55.010000000000005
839	JB-839	7	58.32
841	JB-841	7	59.74
842	JB-842	7	65.70000000000002
843	JB-843	7	65.91000000000001
844	JB-844	7	66.08000000000001
845	JB-845	7	67.41000000000001
846	JB-846	7	68.34000000000002
848	JB-848	7	71.95000000000002
849	JB-849	7	72.27000000000001
850	JB-850	7	72.55000000000001
851	JB-851	7	73.93
852	JB-852	7	75.67000000000002
853	JB-853	7	77.05000000000001
854	JB-854	7	77.98000000000002
855	JB-855	7	80.35000000000001
856	JB-856	7	82.08
857	JB-857	7	85.05
858	JB-858	7	86.72
859	JB-859	7	87.81
860	JB-860	7	89.05
861	JB-861	7	90.31
862	JB-862	7	93.41
863	JB-863	7	94.74
865	JB-865	7	95.05
866	JB-866	7	95.97
868	JB-868	7	98.14
870	JB-870	7	101.16
871	JB-871	7	101.42999999999999
873	JB-873	7	103.74
874	JB-874	7	106.72
875	JB-875	7	110.09
876	JB-876	7	110.37
878	JB-878	7	112.56
879	JB-879	7	112.72
880	JB-880	7	120.49
881	JB-881	7	121.29999999999998
883	JB-883	7	124.42
885	JB-885	7	124.64
886	JB-886	7	126.33999999999999
887	JB-887	7	127.41999999999997
888	JB-888	7	132.34
889	JB-889	8	0.61
890	JB-890	8	3.03
891	JB-891	8	3.4599999999999995
892	JB-892	8	14.52
893	JB-893	8	19.690000000000015
894	JB-894	8	20.920000000000016
895	JB-895	8	23.89000000000002
896	JB-896	8	24.650000000000016
897	JB-897	8	26.830000000000016
900	JB-900	8	27.790000000000017
901	JB-901	8	29.46000000000002
902	JB-902	8	30.86000000000002
903	JB-903	8	31.150000000000016
906	JB-906	8	33.250000000000014
913	JB-913	8	37.37000000000002
914	JB-914	8	37.66000000000002
916	JB-916	8	39.63000000000002
917	JB-917	8	41.22000000000001
918	JB-918	8	42.32000000000002
922	JB-922	8	44.69000000000002
923	JB-923	8	45.84000000000002
927	JB-927	8	47.43000000000002
929	JB-929	8	49.280000000000015
932	JB-932	8	50.890000000000015
935	JB-935	8	53.490000000000016
936	JB-936	8	55.20000000000002
937	JB-937	8	57.15000000000001
939	JB-939	8	59.49000000000002
943	JB-943	8	60.73000000000002
945	JB-945	8	62.890000000000015
946	JB-946	8	63.030000000000015
948	JB-948	8	64.54000000000002
949	JB-949	8	66.71000000000002
950	JB-950	8	67.95000000000002
951	JB-951	8	68.88000000000002
952	JB-952	8	70.12000000000002
953	JB-953	8	71.36000000000001
954	JB-954	8	72.61000000000001
955	JB-955	8	74.16000000000001
958	JB-958	8	74.90000000000002
961	JB-961	8	78.82000000000001
962	JB-962	8	80.45
963	JB-963	8	81.69000000000001
965	JB-965	8	83.76
967	JB-967	8	85.14
970	JB-970	8	88.36999999999999
971	JB-971	8	89.45
973	JB-973	8	91.12
975	JB-975	8	93.28
976	JB-976	8	95.44
979	JB-979	8	97.03
981	JB-981	8	98.94
982	JB-982	8	99.66
986	JB-986	8	102.59
987	JB-987	8	103.06
991	JB-991	8	108.61
992	JB-992	8	110.4
994	JB-994	8	114.63000000000001
995	JB-995	8	115.06
996	JB-996	8	115.42999999999999
998	JB-998	8	119.42
999	JB-999	8	120.42
1000	JB-1000	9	0.369999999999999
1002	JB-1002	9	1.8199999999999992
1003	JB-1003	9	7.1499999999999995
1004	JB-1004	9	8.59
1005	JB-1005	9	8.819999999999999
1007	JB-1007	9	12.71
1008	JB-1008	9	13.100000000000001
1009	JB-1009	9	17.2
1010	JB-1010	9	20.53
1011	JB-1011	9	22.060000000000002
1012	JB-1012	9	22.14
1013	JB-1013	9	28.67
1014	JB-1014	9	30.070000000000004
1017	JB-1017	9	32.96
1019	JB-1019	9	37.87
1020	JB-1020	9	39.15
1021	JB-1021	9	40.15
1023	JB-1023	9	42.199999999999996
1024	JB-1024	9	43.150000000000006
1027	JB-1027	9	47.019999999999996
1028	JB-1028	9	47.18
1029	JB-1029	9	49.51
1032	JB-1032	9	50.89
1033	JB-1033	9	52.669999999999995
1034	JB-1034	9	54.15
1035	JB-1035	9	55.05
1036	JB-1036	9	55.18
1037	JB-1037	9	56.919999999999995
1039	JB-1039	9	58.25
1040	JB-1040	9	58.76
1042	JB-1042	9	63
1043	JB-1043	9	64.16
1045	JB-1045	9	68.78
1046	JB-1046	9	69.75
1047	JB-1047	9	70.67999999999999
1048	JB-1048	9	71.45
1051	JB-1051	9	74.63
1052	JB-1052	9	74.74
1053	JB-1053	9	77.36999999999999
1056	JB-1056	9	79.88
1060	JB-1060	9	82.72999999999999
1061	JB-1061	9	83.64
1062	JB-1062	9	84.51
1063	JB-1063	9	85.94
1064	JB-1064	9	88.12
1065	JB-1065	9	89.31
1066	JB-1066	9	90.92
1067	JB-1067	9	92.29
1071	JB-1071	9	94.96000000000001
1072	JB-1072	9	95.38
1074	JB-1074	9	97.43
1078	JB-1078	9	102.6
1080	JB-1080	9	103.80999999999999
1083	JB-1083	9	107.13999999999999
1084	JB-1084	9	107.89
1085	JB-1085	9	109.69999999999999
1088	JB-1088	9	112.61
1089	JB-1089	9	113.82
1094	JB-1094	9	118.41
1099	JB-1099	9	121.53
1101	JB-1101	9	123.9
1102	JB-1102	9	125.54
1104	JB-1104	9	128.55
1105	JB-1105	10	0
1106	JB-1106	10	0.93
1107	JB-1107	10	1.79
1108	JB-1108	10	1.88
1109	JB-1109	10	4.29
1111	JB-1111	10	7.14
1112	JB-1112	10	8.25
1113	JB-1113	10	11.02
1114	JB-1114	10	11.899999999999999
1117	JB-1117	10	16.759999999999998
1119	JB-1119	10	22.23
1120	JB-1120	10	22.45
1121	JB-1121	10	24.88
1123	JB-1123	10	26.54
1125	JB-1125	10	31.469999999999995
1126	JB-1126	10	32.76
1127	JB-1127	10	33.779999999999994
1129	JB-1129	10	35.699999999999996
1130	JB-1130	10	36.35
1132	JB-1132	10	36.8
1135	JB-1135	10	38.64
1138	JB-1138	10	41.35
1141	JB-1141	10	42.140000000000015
1142	JB-1142	10	42.29000000000002
1143	JB-1143	10	43.86000000000002
1144	JB-1144	10	44.780000000000015
1146	JB-1146	10	46.990000000000016
1149	JB-1149	10	49.70000000000002
1150	JB-1150	10	49.86000000000002
1153	JB-1153	10	53.12000000000001
1154	JB-1154	10	53.76000000000001
1157	JB-1157	10	55.78000000000001
1159	JB-1159	10	58.19000000000001
1162	JB-1162	10	59.630000000000024
1165	JB-1165	10	61.23000000000004
1166	JB-1166	10	62.760000000000026
1167	JB-1167	10	63.690000000000026
1169	JB-1169	10	65.22000000000003
1173	JB-1173	10	70.10000000000001
1174	JB-1174	10	70.14000000000003
1175	JB-1175	10	71.20000000000002
1177	JB-1177	10	73.00000000000001
1178	JB-1178	10	75.50000000000001
1181	JB-1181	10	79.13000000000001
1182	JB-1182	10	79.28000000000002
1184	JB-1184	10	80.03
1186	JB-1186	10	80.65
1187	JB-1187	10	83.45
1189	JB-1189	10	84.85000000000001
1190	JB-1190	10	88.00999999999999
1191	JB-1191	10	88.92
1196	JB-1196	10	92.34
1197	JB-1197	10	93.42
1198	JB-1198	10	94.5
1199	JB-1199	10	95.52
1201	JB-1201	10	99.75
1204	JB-1204	10	102.01
1205	JB-1205	10	102.3
